0,26.253,20.375,1.064
1,28.213,28.187,2.135
2,24.323,23.025,3.104
3,22.561,23.235,4.088
4,23.734,21.960,5.070
5,23.535,20.846,6.059
6,31.990,38.950,7.161
7,22.460,20.643,8.226
8,25.427,26.788,9.299
9,23.822,17.863,10.351
10,19.967,18.338,11.334
11,19.767,18.103,12.379
12,20.951,23.249,13.466
13,23.265,26.319,14.527
14,21.866,21.884,15.675
15,23.133,22.964,16.649
16,25.713,25.407,17.786
17,20.820,21.843,18.766
18,29.952,27.543,19.818
19,22.668,27.425,20.829
20,27.369,27.395,21.771
21,19.076,22.945,22.761
22,20.706,20.152,23.756
23,17.624,17.876,24.743
24,27.780,27.842,25.749
25,19.775,18.415,26.801
26,17.925,16.339,27.813
27,27.576,27.976,28.840
28,21.417,18.272,29.911
29,23.120,23.667,30.914
30,17.593,18.482,31.903
31,18.866,19.267,32.910
32,21.895,22.445,33.901
33,31.683,35.424,34.893
34,17.553,19.872,35.885
35,21.870,17.276,36.897
36,22.667,20.677,37.911
37,19.694,20.596,38.888
38,19.030,18.446,39.875
39,21.683,17.308,40.849
40,20.049,22.626,41.883
41,17.730,20.604,42.909
42,21.837,19.648,43.979
43,20.924,16.704,45.228
44,16.064,17.367,46.246
45,18.972,16.558,47.255
46,17.101,15.908,48.356
47,20.406,20.010,49.393
48,17.553,18.648,50.523
49,16.461,18.564,51.516
50,17.703,19.518,52.547
51,17.797,18.951,53.539
52,18.693,22.391,54.531
53,19.074,17.900,55.562
54,19.293,15.412,56.582
55,15.524,14.735,57.622
56,16.347,16.465,58.641
57,18.619,19.880,59.628
58,16.262,19.491,60.661
59,18.894,22.343,61.695
60,13.796,14.782,62.658
61,20.235,22.652,63.699
62,18.832,18.872,64.728
63,18.053,21.632,65.721
64,14.742,19.284,66.737
65,16.554,18.322,67.776
66,21.255,23.248,68.961
67,18.909,20.704,69.944
68,16.364,15.355,70.929
69,23.366,29.608,71.938
70,17.930,22.142,72.971
71,17.453,17.147,73.999
72,16.710,21.448,75.021
73,14.333,17.219,76.086
74,15.519,14.202,77.124
75,12.779,14.560,78.143
76,17.049,18.572,79.221
77,15.103,16.341,80.233
78,16.986,18.854,81.231
79,18.405,18.266,82.226
80,15.445,16.656,83.227
81,16.078,18.606,84.249
82,16.974,20.685,85.239
83,18.083,14.857,86.206
84,14.712,15.810,87.231
85,14.901,17.117,88.227
86,22.764,22.853,89.240
87,14.970,14.117,90.245
88,17.052,14.190,91.244
89,15.307,18.324,92.227
90,14.835,17.212,93.191
91,15.163,16.356,94.175
92,14.764,15.884,95.158
93,14.851,15.520,96.155
94,16.111,15.808,97.189
95,15.463,17.151,98.178
96,14.782,19.984,99.165
97,16.743,17.115,100.171
98,15.723,17.320,101.144
99,14.999,16.863,102.141
100,15.096,24.600,103.117
101,15.121,21.174,104.089
102,14.494,18.788,105.067
103,16.264,18.685,106.037
104,15.836,16.979,107.024
105,15.548,16.989,108.045
106,13.735,14.702,109.004
107,15.584,17.016,109.988
108,13.312,14.519,110.986
109,11.378,17.360,111.976
110,14.702,19.612,112.974
111,12.833,17.370,113.943
112,15.335,17.006,114.956
113,14.747,19.173,115.965
114,13.527,16.602,117.054
115,13.493,16.501,118.269
116,15.237,16.730,119.287
117,16.063,16.170,120.300
118,14.555,16.157,121.298
119,16.005,15.961,122.306
120,14.809,17.885,123.364
121,15.241,16.730,124.599
122,13.174,15.939,125.579
123,12.632,14.263,126.604
124,13.651,17.454,127.653
125,15.157,15.610,128.729
126,12.288,16.627,129.916
127,16.468,19.560,130.939
128,12.997,15.382,131.895
129,10.328,13.392,132.899
130,16.386,19.058,133.900
131,11.859,15.996,134.942
132,11.723,12.613,135.961
133,13.044,18.092,136.961
134,10.328,13.390,137.987
135,14.728,16.992,138.955
136,14.139,16.428,139.946
137,11.723,12.613,140.999
138,12.583,16.253,142.036
139,12.031,15.956,143.028
140,12.877,15.462,144.039
141,11.698,18.580,145.032
142,14.448,18.323,146.024
143,11.943,16.273,147.000
144,13.271,17.543,147.981
145,12.518,15.963,148.985
146,12.799,16.526,149.976
147,13.236,15.230,150.964
148,14.974,14.835,151.982
149,13.861,15.074,152.970
150,13.661,14.856,153.950
151,12.939,18.706,154.928
152,12.583,16.156,155.912
153,14.096,15.100,156.903
154,13.338,18.656,157.880
155,11.589,15.191,158.838
156,11.200,20.837,159.830
157,12.005,15.408,160.807
158,11.337,13.795,161.776
159,11.608,16.291,162.743
160,13.621,17.649,163.730
161,11.390,15.544,164.711
162,13.616,17.647,165.693
163,13.399,20.968,166.703
164,13.888,19.481,167.663
165,10.954,16.602,168.663
166,13.299,15.921,169.617
167,11.016,19.479,170.616
168,13.083,18.359,171.578
169,9.788,15.099,172.570
170,10.594,14.354,173.594
171,10.277,15.460,174.731
172,11.567,17.822,175.738
173,11.590,14.835,176.754
174,12.258,21.017,177.733
175,12.424,17.784,178.722
176,12.287,20.843,179.723
177,10.012,17.657,180.693
178,12.451,16.054,181.678
179,12.844,20.095,182.742
180,12.350,18.639,183.807
181,12.178,14.967,184.958
182,12.254,16.912,186.109
183,11.108,16.280,187.141
184,12.554,19.186,188.125
185,11.873,16.212,189.138
186,10.822,17.044,190.174
187,12.171,18.174,191.246
188,11.152,19.739,192.227
189,11.700,17.851,193.351
190,13.598,18.171,194.349
191,11.843,21.427,195.335
192,10.606,19.551,196.349
193,10.298,21.154,197.367
194,13.131,16.151,198.398
195,11.379,14.741,199.394
196,12.497,18.194,200.407
197,12.783,16.919,201.429
198,12.288,19.286,202.723
199,11.476,19.166,204.335
200,12.354,15.916,206.132
201,11.563,18.261,207.155
202,10.873,17.548,208.165
203,10.949,17.344,209.219
204,12.185,16.646,210.232
205,12.789,20.572,211.251
206,10.712,16.498,212.297
207,13.314,18.383,213.281
208,10.319,16.897,214.286
209,10.384,15.486,215.272
210,9.158,16.898,216.273
211,10.724,17.136,217.249
212,9.714,15.991,218.256
213,11.919,19.525,219.268
214,11.920,19.241,220.289
215,12.300,15.573,221.287
216,11.730,18.101,222.288
217,9.172,16.833,223.294
218,10.453,17.748,224.294
219,10.430,21.589,225.317
220,10.796,17.805,226.510
221,11.460,16.324,227.610
222,11.105,18.717,228.755
223,10.759,16.302,229.758
224,11.704,16.839,230.742
225,10.251,17.340,231.821
226,10.890,16.286,232.905
227,11.137,15.975,233.941
228,10.650,19.439,234.942
229,11.408,16.864,236.035
230,10.774,16.550,237.065
231,9.680,18.227,238.092
232,9.062,15.219,239.174
233,10.445,14.708,240.241
234,9.556,19.223,241.313
235,9.838,16.047,242.418
236,10.886,17.819,243.523
237,9.620,15.405,244.706
238,10.342,17.664,245.744
239,10.233,19.530,246.811
240,10.216,16.028,247.904
241,11.228,18.214,248.948
242,11.227,18.236,250.000
243,10.606,15.815,251.079
244,10.496,15.649,252.117
245,9.607,17.694,253.129
246,9.411,16.832,254.215
247,9.696,18.155,255.287
248,10.288,17.125,256.335
249,9.885,16.897,257.364
250,9.646,17.492,258.427
251,9.607,16.867,259.529
252,11.297,17.489,260.776
253,9.916,17.735,261.943
254,9.090,16.357,262.941
255,10.839,16.326,263.970
256,9.430,16.011,265.000
257,10.325,17.061,266.012
258,9.838,15.945,267.021
259,8.806,16.556,268.011
260,9.111,17.214,268.997
261,11.326,15.648,269.993
262,10.082,18.365,271.006
263,10.085,18.365,271.996
264,10.296,16.822,273.004
265,10.386,16.569,273.991
266,10.385,16.569,275.011
267,10.020,18.795,276.052
268,9.614,16.023,277.063
269,9.490,17.589,278.042
270,9.846,16.760,279.036
271,9.232,16.796,280.042
272,8.783,18.817,281.034
273,9.879,15.257,282.013
274,10.544,15.531,283.065
275,9.220,16.855,284.090
276,8.398,16.965,285.280
277,9.312,16.698,286.348
278,9.012,15.955,287.338
279,8.727,16.590,288.434
280,9.587,15.645,289.471
281,9.458,16.295,290.552
282,8.997,16.639,291.586
283,10.016,16.943,292.615
284,9.070,17.011,293.813
285,8.854,14.347,295.096
286,9.053,16.112,296.090
287,8.781,16.056,297.098
288,9.052,15.458,298.101
289,8.873,17.302,299.194
290,9.799,18.701,300.192
291,8.483,15.436,301.233
292,8.403,16.170,302.261
293,10.089,17.383,303.397
294,10.880,17.059,304.668
295,9.148,16.740,305.807
296,10.876,17.059,306.838
297,8.277,16.798,307.913
298,9.154,18.272,308.898
299,10.056,15.614,309.864
300,9.487,16.736,310.899
301,8.859,18.208,311.930
302,9.271,17.380,312.942
303,8.273,17.670,314.009
304,9.069,16.417,315.062
305,8.288,17.713,316.088
306,8.617,16.363,317.208
307,9.375,17.008,318.236
308,8.712,16.468,319.225
309,8.271,18.655,320.373
310,8.978,17.352,321.392
311,9.236,19.904,322.387
312,9.255,15.328,323.460
313,8.482,16.933,324.463
314,9.853,18.115,325.615
315,8.616,17.440,326.740
316,8.767,18.714,327.738
317,8.864,17.542,328.734
318,8.510,17.304,329.768
319,8.861,20.398,330.809
320,8.057,17.407,331.888
321,9.287,15.650,332.917
322,8.161,18.597,333.897
323,8.736,17.519,334.905
324,9.123,16.706,335.904
325,7.918,17.371,336.854
326,8.717,18.427,337.862
327,10.020,17.029,338.841
328,9.348,15.634,339.844
329,8.856,17.061,340.859
330,8.210,17.617,341.829
331,8.707,16.433,342.964
332,9.784,18.873,343.935
333,8.450,17.722,344.905
334,9.668,18.618,345.891
335,8.832,16.541,346.908
336,8.894,16.929,347.912
337,8.103,17.974,348.893
338,8.441,18.213,349.879
339,8.640,17.710,350.884
340,8.699,15.887,351.837
341,7.960,16.717,352.830
342,8.172,18.569,353.794
343,8.128,17.908,354.780
344,8.637,15.687,355.780
345,8.884,17.456,356.783
346,7.871,17.653,357.739
347,9.081,16.585,358.743
348,8.494,18.920,359.757
349,8.351,18.156,360.772
350,9.149,16.844,361.744
351,9.011,17.767,362.753
352,9.108,17.126,363.708
353,8.250,17.003,364.691
354,8.843,17.135,365.668
355,8.822,18.322,366.693
356,8.167,15.686,367.877
357,8.424,17.973,368.908
358,8.581,16.800,370.080
359,8.810,16.739,371.179
360,8.963,17.740,372.231
361,8.455,16.519,373.682
362,8.931,17.023,374.754
363,8.718,17.157,375.869
364,8.722,16.659,376.874
365,8.113,17.083,377.882
366,7.634,18.138,378.856
367,8.870,18.308,379.914
368,8.435,17.111,380.998
369,7.892,16.955,382.275
370,8.411,16.872,383.346
371,8.838,17.239,384.330
372,8.503,17.485,385.333
373,8.527,16.822,386.311
374,8.943,17.026,387.335
375,8.664,17.135,388.324
376,8.330,17.598,389.517
377,8.328,15.501,390.513
378,8.605,17.370,391.535
379,8.209,17.231,392.557
380,9.317,16.696,393.540
381,8.229,16.221,394.578
382,8.395,18.344,395.545
383,8.432,17.842,396.525
384,8.432,17.842,397.523
385,7.913,17.213,398.674
386,8.192,18.550,399.700
387,8.579,16.474,400.728
388,8.160,17.235,401.749
389,7.791,16.470,402.780
390,8.402,17.679,403.828
391,8.207,17.938,404.970
392,8.522,18.037,406.060
393,7.822,17.582,407.060
394,8.242,17.994,408.155
395,8.251,16.833,409.154
396,9.183,17.193,410.152
397,7.956,16.333,411.128
398,8.317,17.041,412.509
399,8.128,16.309,413.744
400,8.494,17.301,414.982
401,8.580,18.157,416.170
402,8.026,17.699,417.123
403,7.421,16.273,418.191
404,8.255,16.859,419.532
405,8.254,16.859,420.848
406,7.727,15.306,421.854
407,8.383,17.494,422.888
408,8.276,17.708,423.938
409,7.852,17.443,424.955
410,8.195,17.062,426.011
411,8.686,16.913,427.319
412,8.385,17.256,428.697
413,7.924,18.369,429.689
414,8.233,17.490,430.729
415,8.168,17.247,431.765
416,7.728,17.376,432.785
417,8.046,17.374,433.908
418,8.294,17.586,434.881
419,8.140,17.677,435.866
420,8.305,16.442,436.838
421,7.657,18.982,437.845
422,8.145,16.245,438.837
423,7.970,18.031,439.860
424,8.257,17.509,440.832
425,7.949,18.231,441.831
426,8.671,18.060,442.791
427,8.367,17.493,443.768
428,8.043,17.361,444.802
429,8.014,17.048,445.773
430,7.913,17.607,446.768
431,8.233,17.866,447.743
432,8.019,17.677,448.737
433,7.947,17.087,449.738
434,7.925,18.027,450.744
435,7.917,17.980,451.750
436,7.853,17.847,452.738
437,7.860,18.398,453.694
438,7.416,17.406,454.663
439,8.318,17.994,455.640
440,7.706,16.791,456.616
441,7.185,17.963,457.599
442,7.862,18.302,458.593
443,7.231,17.578,459.565
444,8.049,17.415,460.553
445,7.702,17.568,461.522
446,7.992,18.187,462.517
447,7.410,17.250,463.497
448,8.619,17.513,464.488
449,7.769,16.483,465.475
450,7.912,17.635,466.462
451,7.893,17.990,467.436
452,7.909,17.119,468.421
453,7.810,16.863,469.598
454,8.827,17.977,470.560
455,8.030,17.788,471.553
456,8.126,18.883,472.542
457,8.142,18.883,473.539
458,8.172,16.832,474.514
459,7.746,16.961,475.509
460,7.652,16.256,476.516
461,7.435,16.565,477.498
462,7.538,18.238,478.495
463,7.897,17.306,479.506
464,7.757,17.395,480.521
465,7.729,17.187,481.664
466,7.915,17.115,482.629
467,7.868,17.223,483.648
468,7.941,18.796,484.606
469,7.900,18.673,485.586
470,7.872,17.081,486.568
471,7.770,17.804,487.579
472,7.655,17.697,488.541
473,8.221,17.289,489.521
474,7.679,17.059,490.514
475,7.765,17.263,491.460
476,7.797,17.748,492.565
477,7.731,17.380,493.846
478,7.936,17.163,494.849
479,7.526,18.007,495.847
480,7.833,16.821,496.873
481,7.529,17.441,497.974
482,7.704,17.581,499.196
483,7.807,18.106,500.321
484,7.793,16.838,501.355
485,7.866,18.103,502.484
486,7.772,18.024,503.640
487,7.882,17.025,504.852
488,7.346,17.172,505.947
489,7.360,17.134,506.931
490,8.352,16.316,507.926
491,7.637,17.208,508.930
492,7.679,17.274,509.901
493,7.444,17.084,510.912
494,7.339,16.908,511.878
495,7.563,17.378,512.890
496,7.291,17.084,513.904
497,7.543,17.921,515.068
498,7.673,18.434,516.195
499,7.671,17.816,517.403
500,7.744,17.222,518.399
501,7.867,17.184,519.394
502,7.590,16.375,520.356
503,7.525,17.597,521.321
504,7.833,17.079,522.319
505,7.457,17.072,523.323
506,7.751,17.823,524.309
507,7.707,17.027,525.296
508,7.386,16.611,526.286
509,7.675,17.440,527.293
510,7.868,16.142,528.308
511,7.319,17.794,529.289
512,7.627,18.456,530.266
513,7.500,17.400,531.310
514,7.443,17.709,532.273
515,7.515,18.277,533.299
516,7.621,18.053,534.266
517,7.188,16.686,535.265
518,8.175,16.913,536.265
519,7.994,17.727,537.237
520,7.703,17.812,538.251
521,7.433,16.401,539.230
522,7.666,18.747,540.189
523,7.351,17.274,541.160
524,7.406,17.607,542.165
525,7.242,17.725,543.130
526,7.501,17.535,544.108
527,7.378,17.733,545.126
528,7.436,16.846,546.126
529,7.573,17.750,547.125
530,7.381,18.255,548.116
531,7.632,17.601,549.100
532,7.214,17.346,550.081
533,7.338,17.447,551.072
534,7.550,17.620,552.058
535,7.309,17.521,553.044
536,7.507,17.583,554.046
537,7.765,17.534,555.033
538,7.455,17.473,556.007
539,7.258,17.026,556.986
540,7.975,18.041,557.962
541,7.448,17.576,558.928
542,7.581,17.858,559.890
543,7.194,17.176,560.849
544,7.748,17.490,561.865
545,7.749,18.408,562.843
546,7.384,17.005,563.890
547,7.351,17.296,564.886
548,7.729,17.097,565.867
549,7.611,16.911,566.863
550,7.699,17.620,567.883
551,7.494,18.353,569.127
552,7.772,17.468,570.128
553,7.541,17.112,571.304
554,7.653,16.714,572.336
555,7.358,16.669,573.313
556,7.263,16.890,574.308
557,7.234,16.339,575.299
558,7.334,17.502,576.288
559,7.236,16.787,577.306
560,7.290,16.904,578.296
561,7.396,17.298,579.334
562,7.437,17.524,580.330
563,7.288,17.521,581.510
564,7.171,16.497,582.497
565,7.679,17.362,583.469
566,7.182,17.383,584.478
567,7.556,17.605,585.585
568,7.096,17.220,586.581
569,6.998,16.792,587.550
570,7.108,16.776,588.564
571,7.234,17.372,589.546
572,7.257,17.604,590.546
573,7.371,17.263,591.545
574,7.424,18.569,592.505
575,7.310,17.907,593.750
576,7.514,17.075,594.726
577,7.219,17.415,595.752
578,7.121,17.205,596.727
579,7.330,16.770,597.715
580,7.474,17.625,598.700
581,7.250,17.648,599.692
582,7.413,17.123,600.661
583,7.410,17.985,601.721
584,7.535,17.586,602.687
585,7.329,16.817,603.664
586,7.219,17.110,604.755
587,7.322,17.354,605.753
588,7.451,18.512,606.876
589,7.376,17.618,607.866
590,7.246,16.901,608.934
591,7.377,17.473,610.102
592,7.270,17.835,611.121
593,7.075,17.433,612.272
594,7.452,17.468,613.272
595,7.461,17.204,614.255
596,7.153,16.424,615.221
597,7.437,17.262,616.244
598,7.406,17.489,617.230
599,7.359,17.187,618.221
600,7.020,16.871,619.200
601,7.387,17.436,620.197
602,7.183,17.501,621.187
603,7.073,16.802,622.169
604,6.996,17.221,623.174
605,7.264,16.665,624.175
606,7.098,17.580,625.129
607,7.083,16.936,626.120
608,7.263,16.665,627.122
609,7.071,17.191,628.113
610,7.192,17.500,629.129
611,7.213,17.515,630.115
612,7.292,17.492,631.139
613,7.236,17.338,632.088
614,7.101,16.637,633.059
615,7.142,17.714,634.051
616,6.940,16.777,635.029
617,7.738,18.519,636.014
618,6.927,18.169,637.016
619,7.190,17.302,637.984
620,6.966,17.632,639.227
621,7.040,17.689,640.240
622,7.099,16.331,641.503
623,7.276,16.881,642.870
624,7.004,16.978,643.856
625,7.188,17.970,644.839
626,7.028,17.021,645.843
627,7.332,17.835,646.810
628,6.937,16.711,647.801
629,7.148,17.067,648.797
630,7.113,17.649,649.782
631,7.121,16.942,650.805
632,7.397,17.778,651.797
633,7.330,17.097,652.753
634,7.047,17.096,653.841
635,7.372,17.424,654.823
636,7.007,17.178,655.821
637,6.889,17.422,656.801
638,7.009,17.192,657.785
639,7.162,17.238,658.749
640,7.171,17.512,659.726
641,7.163,16.668,660.718
642,6.893,17.354,661.735
643,7.047,16.546,662.990
644,7.075,17.300,663.972
645,7.045,17.019,664.940
646,7.131,16.782,665.912
647,7.140,16.599,666.878
648,6.992,17.229,667.875
649,7.200,17.362,669.029
650,7.191,17.759,670.031
651,7.067,16.886,671.061
652,7.263,17.639,672.270
653,7.152,16.731,673.454
654,7.141,17.614,674.484
655,7.098,17.530,675.498
656,7.058,16.704,676.610
657,6.961,18.071,677.800
658,7.102,17.284,678.933
659,7.046,17.225,679.970
660,6.978,16.807,680.981
661,7.078,17.710,682.007
662,7.219,17.848,683.020
663,7.041,17.291,683.984
664,6.977,16.632,685.037
665,6.982,17.479,686.015
666,6.984,16.883,687.006
667,6.951,16.933,688.009
668,7.204,17.403,689.006
669,7.013,17.677,690.002
670,6.854,17.123,690.956
671,6.821,16.904,691.979
672,7.002,17.004,692.980
673,6.995,16.842,693.949
674,7.053,17.655,694.936
675,7.026,16.630,695.910
676,7.078,17.353,696.915
677,7.077,17.353,697.888
678,6.972,17.008,698.868
679,7.059,17.559,699.876
680,6.876,16.841,700.831
681,6.873,17.208,701.878
682,6.985,16.914,702.897
683,7.036,17.239,703.864
684,7.098,17.723,704.870
685,7.013,17.684,705.842
686,6.989,17.208,706.826
687,6.799,16.622,707.812
688,6.832,17.065,708.822
689,6.831,16.972,709.786
690,6.946,17.064,710.787
691,6.948,17.003,711.782
692,6.960,17.292,712.747
693,6.794,16.730,713.728
694,7.056,17.884,714.736
695,6.897,17.214,715.714
696,6.894,16.852,716.693
697,6.894,17.345,717.693
698,7.098,17.298,718.715
699,6.914,16.967,719.693
700,6.947,16.966,720.720
701,7.047,17.118,721.704
702,6.751,16.962,722.897
703,6.885,17.211,723.936
704,6.790,17.098,724.930
705,6.877,16.694,726.260
706,6.933,16.759,727.258
707,6.953,17.546,728.244
708,6.925,16.707,729.243
709,6.864,17.428,730.466
710,6.942,17.536,731.497
711,6.854,17.249,732.943
712,6.883,16.737,733.959
713,6.854,16.817,734.985
714,6.893,16.935,735.996
715,6.728,16.622,736.996
716,6.886,16.629,738.025
717,6.932,17.464,739.069
718,6.976,17.268,740.100
719,6.943,17.319,741.098
720,6.952,17.565,742.111
721,6.950,17.054,743.103
722,6.976,17.509,744.127
723,6.817,17.169,745.156
724,6.899,16.791,746.161
725,6.837,16.630,747.216
726,6.936,16.563,748.254
727,6.960,17.359,749.249
728,7.125,17.688,750.271
729,6.834,17.130,751.292
730,6.945,17.015,752.699
731,6.866,16.867,753.897
732,6.880,16.705,754.912
733,6.893,16.951,755.931
734,6.840,16.896,757.087
735,6.872,17.170,758.269
736,6.757,16.895,759.562
737,6.800,16.874,760.702
738,6.893,16.976,761.859
739,6.978,16.670,762.953
740,6.921,16.929,764.150
741,6.883,17.245,765.319
742,6.890,16.999,766.460
743,6.845,17.276,767.462
744,6.957,17.459,768.796
745,6.968,17.289,769.790
746,6.825,16.477,771.185
747,6.921,17.297,772.520
748,6.937,17.466,773.532
749,6.921,17.294,774.575
750,6.833,17.070,775.605
751,6.769,16.921,776.660
752,6.994,16.685,777.676
753,6.916,17.155,778.707
754,6.927,17.330,779.900
755,6.855,17.137,781.077
756,6.764,17.098,782.211
757,7.013,17.822,783.354
758,6.863,16.941,784.427
759,6.898,16.633,785.528
760,6.991,16.613,786.668
761,6.871,17.734,787.973
762,6.926,17.302,789.218
763,6.859,16.944,790.245
764,6.853,17.075,791.269
765,6.971,16.886,792.317
766,6.852,16.933,793.485
767,6.885,17.156,794.634
768,6.784,16.923,795.656
769,6.988,17.431,796.717
770,6.847,16.662,797.702
771,6.867,17.202,798.875
772,6.898,17.019,800.289
773,6.728,16.665,801.295
774,6.912,16.941,802.284
775,6.933,17.538,803.332
776,6.795,17.025,804.336
777,6.877,16.913,805.313
778,6.931,16.718,806.344
779,6.841,16.915,807.322
780,6.864,17.071,808.350
781,6.819,16.468,809.346
782,6.907,16.805,810.365
783,6.811,17.357,811.353
784,6.813,17.606,812.370
785,6.855,16.979,813.789
786,6.783,16.516,814.917
787,6.893,16.986,816.127
788,6.870,17.024,817.084
789,6.777,16.963,818.082
790,6.926,16.879,819.072
791,6.783,17.333,820.077
792,6.796,16.480,821.088
793,6.783,17.333,822.089
794,6.902,17.293,823.082
795,6.859,16.915,824.122
796,6.824,16.665,825.098
797,6.783,17.077,826.097
798,6.893,17.323,827.049
799,6.921,16.612,828.073
800,6.821,16.912,829.072
801,6.868,17.152,830.061
802,6.850,16.988,831.037
803,6.937,16.533,832.014
804,6.876,17.179,833.027
805,6.834,17.012,833.992
806,6.757,16.417,834.982
807,6.834,16.927,835.965
808,6.827,17.040,836.990
809,6.827,17.032,837.980
810,6.893,16.999,838.972
811,6.971,17.344,839.973
812,6.779,17.331,840.984
813,6.828,17.059,841.977
814,6.782,16.734,842.969
815,6.806,16.619,843.934
816,6.893,16.999,845.522
817,6.745,17.149,846.516
818,6.786,16.647,847.648
819,6.894,16.999,848.646
820,6.801,17.300,849.725
821,6.921,17.108,850.773
822,6.836,16.711,851.952
823,6.807,17.111,852.965
824,6.849,16.901,854.103
825,6.861,17.149,855.089
826,6.928,16.866,856.219
827,6.698,16.758,857.222
828,6.794,16.913,858.389
829,6.753,16.683,859.381
830,6.853,17.061,860.572
831,6.778,16.972,861.576
832,6.778,17.011,862.613
833,6.837,17.064,863.753
834,6.697,16.772,864.755
835,6.751,17.128,865.744
836,6.823,16.872,866.716
837,6.788,16.657,867.721
838,6.877,16.892,868.717
839,6.859,17.165,869.863
840,6.768,16.979,870.865
841,6.750,17.029,871.884
842,6.866,17.244,872.877
843,6.828,16.750,873.870
844,6.877,17.388,875.043
845,6.966,16.901,876.014
846,6.810,17.006,877.029
847,6.779,17.101,878.015
848,6.868,16.920,879.023
849,6.855,17.204,880.012
850,6.734,16.873,881.126
851,6.854,16.870,882.108
852,6.788,16.945,883.134
853,6.852,16.829,884.169
854,6.845,16.914,885.166
855,6.865,16.953,886.181
856,6.773,16.803,887.189
857,6.867,16.754,888.160
858,6.847,16.896,889.161
859,6.802,17.105,890.541
860,6.801,17.275,891.536
861,6.800,16.837,892.710
862,6.798,17.299,893.705
863,6.771,17.097,894.728
864,6.873,16.986,895.911
865,6.770,17.100,896.926
866,6.870,16.695,898.276
867,6.773,17.091,899.285
868,6.799,16.919,900.456
869,6.793,17.003,901.458
870,6.834,16.610,902.493
871,6.822,17.010,903.505
872,6.835,17.459,904.514
873,6.803,17.135,905.522
874,6.795,17.025,906.531
875,6.915,17.238,907.507
876,6.796,17.240,908.690
877,6.798,17.240,909.897
878,6.842,16.839,910.874
879,6.909,16.860,912.073
880,6.835,17.117,913.067
881,6.809,16.897,914.044
882,6.838,17.118,915.058
883,6.838,16.872,916.049
884,6.950,17.037,917.303
885,6.775,17.151,918.503
886,6.885,16.839,919.721
887,6.769,17.042,921.023
888,6.851,17.224,922.321
889,6.909,16.968,923.590
890,6.919,17.245,925.141
891,6.844,16.683,926.492
892,6.876,16.948,927.664
893,6.867,17.190,928.645
894,6.882,16.959,929.690
895,6.855,17.155,930.706
896,6.830,17.034,932.144
897,6.831,17.098,933.673
898,6.825,17.216,934.926
899,6.929,17.157,935.932
900,6.890,17.223,937.337
901,6.802,17.018,938.583
902,6.857,17.080,940.088
903,6.780,17.186,941.416
904,6.863,17.008,942.408
905,6.826,16.843,943.585
906,6.786,17.121,944.769
907,6.885,17.003,946.073
908,6.826,17.279,947.278
909,6.819,17.178,948.278
910,6.876,17.186,949.788
911,6.795,17.019,951.058
912,6.875,17.347,952.321
913,6.810,16.970,953.474
914,6.875,17.141,954.619
915,6.856,16.966,955.640
916,6.809,17.109,956.709
917,6.874,17.259,957.861
918,6.802,16.714,959.143
919,6.874,17.083,960.181
920,6.883,17.169,961.203
921,6.816,17.012,962.274
922,6.846,17.122,963.331
923,6.836,17.038,964.368
924,6.818,16.929,965.368
925,6.792,16.853,966.356
926,6.870,17.195,967.381
927,6.827,16.950,968.591
928,6.765,16.983,969.654
929,6.800,16.883,970.757
930,6.841,17.217,971.999
931,6.875,17.215,973.236
932,6.862,17.031,974.245
933,6.808,17.072,975.380
934,6.832,17.192,976.368
935,6.885,17.105,977.423
936,6.736,16.718,978.625
937,6.842,17.009,979.620
938,6.886,17.161,980.839
939,6.827,16.910,981.818
940,6.769,17.173,982.871
941,6.776,17.133,983.922
942,6.871,16.973,984.998
943,6.775,16.663,986.194
944,6.775,16.912,987.209
945,6.803,16.857,988.270
946,6.731,16.903,989.273
947,6.888,16.915,990.391
948,6.805,17.092,991.390
949,6.775,16.684,992.389
950,6.851,16.606,993.382
951,6.798,17.139,994.403
952,6.800,16.866,995.397
953,6.840,17.196,996.506
954,6.795,16.811,997.721
955,6.856,17.174,998.768
956,6.830,17.072,1000.028
957,6.803,17.164,1001.100
958,6.814,16.670,1002.499
959,6.841,17.061,1003.636
960,6.786,17.041,1004.993
961,6.778,16.689,1006.538
962,6.749,16.742,1007.996
963,6.817,16.893,1009.203
964,6.856,17.050,1010.456
965,6.904,17.060,1011.854
966,6.832,17.046,1013.315
967,6.813,16.853,1014.505
968,6.826,17.005,1015.690
969,6.792,17.141,1017.100
970,6.828,17.140,1018.460
971,6.821,17.117,1019.859
972,6.829,17.009,1021.112
973,6.780,16.959,1022.478
974,6.856,17.062,1024.031
975,6.820,16.619,1025.276
976,6.770,16.699,1026.525
977,6.844,17.012,1027.925
978,6.825,16.930,1029.355
979,6.781,16.671,1030.809
980,6.834,16.974,1032.147
981,6.807,16.795,1033.482
982,6.827,16.696,1034.919
983,6.792,16.681,1036.249
984,6.850,16.761,1037.740
985,6.814,16.696,1039.219
986,6.845,17.087,1040.486
987,6.800,16.840,1041.905
988,6.789,16.873,1043.292
989,6.798,16.743,1044.786
990,6.848,16.816,1046.033
991,6.778,16.812,1048.056
992,6.787,16.604,1050.159
993,6.850,16.918,1051.476
994,6.800,17.003,1052.883
995,6.860,16.744,1054.542
996,6.819,16.639,1056.582
997,6.901,17.043,1057.789
998,6.795,16.760,1059.568
999,6.804,16.566,1061.362
1000,6.834,16.808,1063.142
1001,6.837,16.866,1065.007
1002,6.834,16.554,1066.731
1003,6.880,17.024,1068.390
1004,6.816,17.142,1070.204
1005,6.863,16.911,1071.831
1006,6.805,16.718,1073.507
1007,6.844,16.969,1075.489
1008,6.813,17.113,1077.322
1009,6.836,16.787,1079.048
1010,6.780,16.790,1080.790
1011,6.831,16.955,1082.827
1012,6.799,16.654,1084.820
1013,6.806,16.840,1086.527
1014,6.807,16.917,1088.151
1015,6.763,16.856,1089.693
1016,6.835,16.716,1091.269
1017,6.795,16.644,1092.846
1018,6.824,16.880,1094.330
1019,6.791,16.685,1095.917
1020,6.919,17.031,1097.604
1021,6.791,16.587,1099.104
1022,6.794,16.789,1100.677
1023,6.801,16.614,1102.290
1024,6.782,16.755,1103.879
1025,6.743,16.856,1105.411
1026,6.758,16.703,1106.956
1027,6.784,16.742,1108.421
1028,6.827,17.045,1110.028
1029,6.773,16.837,1111.769
1030,6.773,16.701,1113.267
1031,6.749,16.740,1114.665
1032,6.822,16.825,1116.133
1033,6.811,16.781,1117.631
1034,6.801,16.729,1119.099
1035,6.833,16.778,1120.530
1036,6.835,16.843,1121.966
1037,6.743,16.778,1123.397
1038,6.777,16.678,1124.783
1039,6.816,16.749,1126.211
1040,6.786,16.765,1127.620
1041,6.780,16.575,1129.065
1042,6.855,16.995,1130.457
1043,6.797,16.824,1131.951
1044,6.755,16.590,1133.364
1045,6.753,16.644,1134.906
1046,6.781,16.843,1136.353
1047,6.755,16.756,1137.873
1048,6.764,16.672,1139.278
1049,6.803,16.718,1140.934
1050,6.788,16.633,1142.243
1051,6.799,16.815,1143.258
1052,6.743,16.750,1144.273
1053,6.802,16.655,1145.311
1054,6.746,16.810,1146.579
1055,6.808,16.528,1147.676
1056,6.846,16.785,1148.665
1057,6.799,16.660,1149.667
1058,6.771,16.628,1150.709
1059,6.807,16.882,1151.722
1060,6.776,16.704,1152.915
1061,6.762,16.739,1153.930
1062,6.832,16.776,1154.997
1063,6.798,16.731,1156.012
1064,6.792,16.763,1157.034
1065,6.746,16.720,1158.091
1066,6.768,16.801,1159.170
1067,6.751,16.553,1160.395
1068,6.795,16.581,1161.822
1069,6.786,16.647,1163.870
1070,6.753,16.673,1165.261
1071,6.791,16.820,1167.345
1072,6.764,16.779,1169.306
1073,6.749,16.694,1170.584
1074,6.776,16.698,1171.854
1075,6.771,16.709,1173.478
1076,6.754,16.716,1175.219
1077,6.795,16.832,1176.547
1078,6.787,16.736,1177.828
1079,6.811,16.762,1179.611
1080,6.737,16.773,1180.803
1081,6.761,16.770,1181.936
1082,6.772,16.804,1183.249
1083,6.801,16.765,1184.375
1084,6.795,16.826,1185.511
1085,6.774,16.593,1186.979
1086,6.737,16.705,1188.114
1087,6.775,16.628,1189.271
1088,6.798,16.727,1190.344
1089,6.779,16.863,1191.740
1090,6.806,16.715,1192.887
1091,6.767,16.647,1194.018
1092,6.773,16.670,1195.156
1093,6.908,16.807,1196.283
1094,6.802,16.683,1197.543
1095,6.772,16.734,1198.700
1096,6.808,16.787,1199.878
1097,6.807,16.916,1201.030
1098,6.803,16.840,1202.595
1099,6.793,16.692,1203.845
1100,6.808,16.765,1204.980
1101,6.791,16.851,1206.176
1102,6.783,16.685,1207.619
1103,6.769,16.778,1208.784
1104,6.813,16.730,1210.067
1105,6.786,16.738,1211.193
1106,6.788,16.761,1212.391
1107,6.764,16.755,1213.572
1108,6.884,16.913,1214.956
1109,6.766,16.661,1216.170
1110,6.810,16.711,1217.494
1111,6.758,16.737,1219.056
1112,6.773,16.682,1221.143
1113,6.764,16.695,1222.705
1114,6.804,16.625,1224.154
1115,6.760,16.596,1225.711
1116,6.760,16.759,1227.187
1117,6.761,16.759,1228.536
1118,6.778,16.608,1229.799
1119,6.759,16.642,1231.139
1120,6.797,16.757,1232.481
1121,6.775,16.765,1234.039
1122,6.761,16.658,1235.553
1123,6.793,16.795,1237.002
1124,6.759,16.743,1238.291
1125,6.758,16.641,1239.743
1126,6.750,16.622,1241.223
1127,6.785,16.677,1242.573
1128,6.792,16.804,1243.658
1129,6.775,16.606,1244.998
1130,6.778,16.718,1246.409
1131,6.746,16.701,1247.774
1132,6.759,16.662,1249.186
1133,6.733,16.697,1250.390
1134,6.829,16.694,1251.736
1135,6.800,16.710,1253.178
1136,6.790,16.602,1254.224
1137,6.779,16.670,1255.585
1138,6.756,16.610,1256.813
1139,6.759,16.552,1258.018
1140,6.801,16.744,1259.553
1141,6.772,16.571,1261.291
1142,6.803,16.719,1262.916
1143,6.760,16.690,1264.282
1144,6.778,16.554,1265.588
1145,6.749,16.585,1267.217
1146,6.777,16.661,1268.663
1147,6.757,16.720,1270.071
1148,6.777,16.669,1271.425
1149,6.767,16.619,1272.848
1150,6.759,16.657,1274.408
1151,6.787,16.725,1275.523
1152,6.763,16.622,1276.590
1153,6.763,16.760,1277.656
1154,6.793,16.717,1278.777
1155,6.726,16.554,1279.860
1156,6.763,16.760,1280.938
1157,6.764,16.610,1282.014
1158,6.779,16.551,1283.060
1159,6.766,16.766,1284.192
1160,6.792,16.692,1285.257
1161,6.745,16.496,1286.336
1162,6.731,16.740,1287.454
1163,6.771,16.667,1288.611
1164,6.773,16.697,1289.988
1165,6.758,16.601,1291.207
1166,6.752,16.653,1292.252
1167,6.739,16.641,1293.354
1168,6.793,16.716,1294.466
1169,6.763,16.674,1295.666
1170,6.762,16.578,1296.732
1171,6.785,16.691,1297.918
1172,6.805,16.682,1299.136
1173,6.811,16.662,1300.995
1174,6.734,16.744,1302.535
1175,6.784,16.737,1304.086
1176,6.745,16.757,1305.671
1177,6.757,16.673,1307.231
1178,6.741,16.685,1308.784
1179,6.754,16.549,1310.216
1180,6.820,16.703,1311.679
1181,6.763,16.664,1313.161
1182,6.750,16.690,1314.758
1183,6.767,16.539,1316.054
1184,6.771,16.732,1317.424
1185,6.764,16.661,1318.860
1186,6.769,16.758,1320.328
1187,6.761,16.662,1321.694
1188,6.749,16.665,1323.067
1189,6.774,16.657,1324.418
1190,6.807,17.306,1325.749
1191,6.729,16.692,1327.134
1192,6.801,16.661,1328.629
1193,6.731,16.599,1329.960
1194,6.768,16.621,1331.444
1195,6.770,16.653,1332.858
1196,6.768,16.674,1334.139
1197,6.732,16.720,1335.428
1198,6.771,16.685,1336.810
1199,6.776,16.675,1338.052
1200,6.820,16.668,1339.426
1201,6.773,16.662,1340.679
1202,6.769,16.784,1342.103
1203,6.774,16.679,1343.563
1204,6.773,16.711,1345.116
1205,6.773,16.761,1346.682
1206,6.766,16.741,1348.110
1207,6.782,16.598,1349.276
1208,6.759,16.702,1350.561
1209,6.757,16.702,1351.950
1210,6.758,16.642,1353.520
1211,6.732,16.625,1354.733
1212,6.756,16.758,1355.940
1213,6.750,16.753,1357.216
1214,6.762,16.804,1358.667
1215,6.745,16.686,1360.072
1216,6.765,16.697,1361.450
1217,6.772,16.723,1362.885
1218,6.760,16.636,1364.294
1219,6.765,16.713,1365.534
1220,6.760,16.636,1366.760
1221,6.729,16.767,1368.271
1222,6.749,16.739,1369.486
1223,6.736,16.757,1370.759
1224,6.768,16.698,1372.331
1225,6.757,16.750,1373.759
1226,6.730,16.685,1374.949
1227,6.762,16.775,1376.101
1228,6.742,16.682,1377.533
1229,6.762,16.734,1379.146
1230,6.746,16.636,1380.296
1231,6.738,16.705,1381.506
1232,6.764,16.692,1382.917
1233,6.765,16.749,1384.366
1234,6.743,16.675,1385.882
1235,6.742,16.642,1387.119
1236,6.765,16.736,1388.310
1237,6.739,16.716,1389.710
1238,6.766,16.709,1390.952
1239,6.773,16.614,1392.293
1240,6.751,16.737,1393.578
1241,6.771,16.670,1394.800
1242,6.745,16.665,1396.217
1243,6.741,16.803,1397.585
1244,6.743,16.670,1399.026
1245,6.757,16.728,1400.491
1246,6.761,16.704,1401.874
1247,6.757,16.680,1403.250
1248,6.759,16.724,1404.612
1249,6.768,16.770,1405.978
1250,6.768,16.790,1407.418
1251,6.741,16.725,1408.792
1252,6.741,16.710,1410.096
1253,6.741,16.703,1411.466
1254,6.763,16.775,1412.893
1255,6.767,16.703,1414.424
1256,6.760,16.729,1415.844
1257,6.742,16.686,1417.480
1258,6.745,16.722,1419.000
1259,6.742,16.755,1420.347
1260,6.744,16.724,1421.688
1261,6.748,16.735,1423.010
1262,6.736,16.759,1424.341
1263,6.740,16.774,1425.705
1264,6.768,16.777,1427.042
1265,6.736,16.644,1428.384
1266,6.769,16.720,1429.809
1267,6.747,16.659,1431.243
1268,6.771,16.633,1432.620
1269,6.737,16.707,1433.952
1270,6.750,16.708,1435.378
1271,6.747,16.630,1436.690
1272,6.769,16.701,1437.992
1273,6.758,16.691,1439.343
1274,6.773,16.700,1440.637
1275,6.767,16.771,1441.957
1276,6.774,16.725,1443.257
1277,6.738,16.605,1444.503
1278,6.727,16.735,1445.518
1279,6.755,16.790,1446.550
1280,6.766,16.741,1447.570
1281,6.746,16.674,1448.578
1282,6.773,16.698,1449.608
1283,6.737,16.617,1450.650
1284,6.773,16.704,1451.711
1285,6.750,16.730,1452.707
1286,6.766,16.798,1453.735
1287,6.758,16.772,1454.742
1288,6.746,16.639,1455.712
1289,6.742,16.779,1456.728
1290,6.765,16.739,1457.773
1291,6.746,16.732,1458.806
1292,6.742,16.719,1459.797
1293,6.770,16.641,1460.814
1294,6.742,16.807,1461.799
1295,6.742,16.839,1462.765
1296,6.732,16.682,1463.762
1297,6.732,16.738,1464.749
1298,6.737,16.628,1465.771
1299,6.752,16.695,1466.757
1300,6.748,16.718,1467.762
1301,6.748,16.718,1468.753
1302,6.748,16.709,1469.787
1303,6.743,16.754,1470.756
1304,6.729,16.773,1471.799
1305,6.751,16.800,1472.810
1306,6.743,16.756,1473.821
1307,6.745,16.683,1474.824
1308,6.728,16.753,1475.825
1309,6.732,16.647,1476.797
1310,6.771,16.734,1477.812
1311,6.753,16.757,1478.801
1312,6.748,16.718,1479.797
1313,6.731,16.767,1480.818
1314,6.739,16.717,1481.852
1315,6.734,16.841,1482.844
1316,6.739,16.870,1483.851
1317,6.742,16.738,1484.834
1318,6.765,16.793,1485.836
1319,6.766,16.699,1486.825
1320,6.756,16.654,1487.833
1321,6.745,16.651,1488.844
1322,6.759,16.615,1489.811
1323,6.765,16.728,1490.837
1324,6.742,16.822,1491.843
1325,6.746,16.787,1492.824
1326,6.765,16.724,1493.971
1327,6.748,16.769,1495.761
1328,6.741,16.707,1497.372
1329,6.740,16.759,1498.851
1330,6.740,16.840,1500.331
1331,6.748,16.721,1502.256
1332,6.746,16.629,1504.275
1333,6.740,16.807,1506.437
1334,6.741,16.672,1508.519
1335,6.776,16.719,1510.123
1336,6.745,16.750,1512.723
1337,6.755,16.757,1515.726
1338,6.768,16.692,1517.226
1339,6.748,16.640,1518.448
1340,6.744,16.821,1520.058
1341,6.743,16.634,1521.809
1342,6.790,16.748,1524.395
1343,6.746,16.731,1527.198
1344,6.765,16.781,1529.807
1345,6.747,16.626,1531.289
1346,6.743,16.832,1533.362
1347,6.746,16.908,1536.092
1348,6.750,16.672,1538.391
1349,6.750,16.668,1541.116
1350,6.752,16.631,1544.059
1351,6.746,16.638,1545.736
1352,6.745,16.647,1547.842
1353,6.742,16.800,1549.037
1354,6.736,16.833,1550.660
1355,6.747,16.890,1551.987
1356,6.737,16.767,1553.388
1357,6.751,16.655,1554.768
1358,6.774,16.611,1556.705
1359,6.771,16.640,1558.636
1360,6.750,16.697,1560.434
1361,6.741,16.765,1562.005
1362,6.748,16.652,1563.420
1363,6.776,16.787,1565.282
1364,6.748,16.675,1566.518
1365,6.766,16.698,1567.633
1366,6.754,16.658,1568.945
1367,6.764,16.861,1571.176
1368,6.772,16.681,1572.842
1369,6.751,16.649,1574.892
1370,6.776,16.851,1576.606
1371,6.739,16.875,1578.060
1372,6.745,16.926,1579.535
1373,6.770,16.802,1580.741
1374,6.738,16.794,1582.306
1375,6.754,16.656,1584.983
1376,6.748,16.775,1586.800
1377,6.765,16.850,1588.748
1378,6.738,16.828,1591.342
1379,6.761,16.742,1594.400
1380,6.749,16.788,1596.704
1381,6.747,16.759,1598.716
1382,6.741,16.768,1600.616
1383,6.738,16.828,1602.847
1384,6.748,16.727,1605.050
1385,6.740,16.861,1606.730
1386,6.732,16.753,1608.933
1387,6.738,16.831,1611.809
1388,6.738,16.831,1614.610
1389,6.750,16.998,1616.360
1390,6.743,16.788,1618.494
1391,6.738,16.744,1619.828
1392,6.752,16.688,1621.459
1393,6.766,16.783,1623.282
1394,6.743,16.870,1624.451
1395,6.748,16.704,1625.634
1396,6.743,16.777,1627.044
1397,6.738,16.778,1628.522
1398,6.769,16.708,1631.814
1399,6.772,16.689,1633.325
1400,6.745,16.783,1634.670
1401,6.742,16.688,1636.737
1402,6.760,16.718,1638.096
1403,6.741,16.770,1639.611
1404,6.768,16.744,1640.711
1405,6.773,16.674,1641.856
1406,6.768,16.635,1642.942
1407,6.773,16.676,1644.039
1408,6.720,16.783,1645.154
1409,6.751,16.807,1646.305
1410,6.769,16.837,1647.444
1411,6.769,16.774,1648.636
1412,6.743,16.727,1649.867
1413,6.774,16.817,1651.038
1414,6.768,16.743,1652.190
1415,6.765,16.771,1653.368
1416,6.743,16.783,1654.653
1417,6.747,16.719,1655.830
1418,6.741,16.783,1657.067
1419,6.742,16.850,1658.277
1420,6.765,16.808,1659.468
1421,6.767,16.900,1660.673
1422,6.767,16.758,1662.175
1423,6.745,16.773,1663.555
1424,6.767,16.740,1664.774
1425,6.746,16.663,1666.238
1426,6.769,16.775,1667.656
1427,6.763,16.783,1668.849
1428,6.738,16.814,1670.331
1429,6.762,16.756,1671.472
1430,6.772,16.769,1672.981
1431,6.739,16.782,1674.546
1432,6.767,16.831,1675.604
1433,6.765,16.791,1676.820
1434,6.753,16.767,1678.640
1435,6.764,16.721,1680.558
1436,6.738,16.870,1682.158
1437,6.767,16.632,1683.486
1438,6.740,16.732,1685.030
1439,6.769,16.756,1687.259
1440,6.763,16.843,1690.100
1441,6.763,16.784,1693.708
1442,6.764,16.819,1696.535
1443,6.734,16.803,1697.628
1444,6.746,16.838,1699.550
1445,6.765,16.765,1703.146
1446,6.764,16.808,1704.630
1447,6.767,16.705,1705.675
1448,6.765,16.814,1707.419
1449,6.743,16.879,1710.421
1450,6.745,16.744,1712.257
1451,6.743,16.643,1713.343
1452,6.744,16.778,1714.706
1453,6.743,16.831,1716.150
1454,6.765,16.784,1717.806
1455,6.762,16.773,1718.872
1456,6.767,16.620,1720.257
1457,6.769,16.768,1722.289
1458,6.762,16.773,1723.506
1459,6.764,16.769,1724.664
1460,6.757,16.828,1725.868
1461,6.758,16.847,1727.757
1462,6.766,16.720,1730.750
1463,6.732,16.836,1732.073
1464,6.767,16.664,1733.296
1465,6.766,16.817,1734.518
1466,6.746,16.607,1735.847
1467,6.742,16.713,1737.884
1468,6.764,16.770,1739.736
1469,6.765,16.767,1740.811
1470,6.763,16.816,1742.491
1471,6.741,16.751,1743.742
1472,6.764,16.839,1745.543
1473,6.763,16.836,1748.266
1474,6.763,16.837,1750.234
1475,6.737,16.750,1751.482
1476,6.767,16.829,1753.799
1477,6.743,16.751,1755.494
1478,6.749,16.743,1756.634
1479,6.766,16.752,1758.229
1480,6.771,16.713,1759.235
1481,6.766,16.708,1760.242
1482,6.734,16.751,1761.897
1483,6.771,16.773,1764.246
1484,6.767,16.761,1765.556
1485,6.766,16.829,1767.511
1486,6.765,16.567,1769.106
1487,6.743,16.732,1771.501
1488,6.764,16.774,1774.605
1489,6.766,16.761,1775.875
1490,6.754,16.796,1777.033
1491,6.785,16.721,1778.098
1492,6.722,16.790,1780.438
1493,6.774,16.646,1781.952
1494,6.771,16.771,1782.990
1495,6.766,16.769,1785.225
1496,6.744,16.703,1788.275
1497,6.743,16.743,1789.802
1498,6.763,16.774,1793.017
1499,6.743,16.785,1795.990
1500,6.737,16.759,1797.374
1501,6.766,16.772,1798.760
1502,6.737,16.799,1801.539
1503,6.734,16.844,1802.825
1504,6.744,16.789,1805.476
1505,6.737,16.765,1807.353
1506,6.766,16.764,1809.926
1507,6.764,16.840,1811.132
1508,6.741,16.701,1813.220
1509,6.744,16.813,1815.058
1510,6.744,16.707,1816.586
1511,6.766,16.869,1817.791
1512,6.748,16.680,1819.267
1513,6.767,16.754,1821.459
1514,6.737,16.793,1823.788
1515,6.737,16.834,1825.935
1516,6.744,16.697,1827.425
1517,6.742,16.845,1830.143
1518,6.836,16.667,1832.725
1519,6.770,16.756,1835.082
1520,6.742,16.825,1837.646
1521,6.726,16.742,1839.652
1522,6.747,16.748,1842.104
1523,6.770,16.754,1844.775
1524,6.745,16.802,1847.727
1525,6.735,16.783,1850.572
1526,6.746,16.684,1853.482
1527,6.743,16.784,1854.957
1528,6.745,16.836,1856.582
1529,6.729,16.764,1858.555
1530,6.734,16.782,1861.022
1531,6.741,16.820,1863.211
1532,6.726,16.760,1865.080
1533,6.739,16.695,1867.764
1534,6.745,16.774,1870.026
1535,6.741,16.779,1871.828
1536,6.744,16.819,1874.481
1537,6.767,16.824,1877.321
1538,6.744,16.828,1879.622
1539,6.767,16.773,1882.754
1540,6.743,16.809,1886.075
1541,6.794,16.585,1888.457
1542,6.753,16.624,1890.935
1543,6.799,16.573,1893.853
1544,6.726,16.749,1895.137
1545,6.723,16.799,1897.114
1546,6.724,16.703,1899.875
1547,6.804,16.491,1902.415
1548,6.735,16.652,1905.333
1549,6.835,16.584,1907.934
1550,6.722,16.827,1910.226
1551,6.724,16.642,1912.076
1552,6.736,16.813,1914.582
1553,6.723,16.837,1916.826
1554,6.726,16.778,1919.428
1555,6.721,16.811,1921.358
1556,6.735,16.568,1924.070
1557,6.736,16.687,1927.068
1558,6.775,16.758,1929.819
1559,6.758,16.641,1932.835
1560,6.724,16.764,1935.363
1561,6.781,16.829,1938.394
1562,6.723,16.718,1940.555
1563,6.784,16.782,1943.127
1564,6.724,16.699,1945.384
1565,6.722,16.739,1947.899
1566,6.725,16.759,1951.173
1567,6.728,16.678,1952.505
1568,6.803,16.750,1954.014
1569,6.736,16.812,1955.148
1570,6.778,16.634,1958.138
1571,6.731,16.754,1959.778
1572,6.875,16.279,1961.147
1573,6.735,16.815,1962.594
1574,6.734,16.687,1963.782
1575,6.734,16.687,1964.918
1576,6.727,16.686,1966.483
1577,6.741,16.655,1967.808
1578,6.726,16.756,1968.894
1579,6.724,16.758,1969.943
1580,6.727,16.696,1971.922
1581,6.778,16.780,1973.702
1582,6.746,16.734,1975.027
1583,6.742,16.786,1976.044
1584,6.724,16.779,1977.143
1585,6.767,16.720,1978.914
1586,6.778,16.725,1980.714
1587,6.967,16.136,1981.987
1588,6.739,16.760,1984.532
1589,6.745,16.740,1986.025
1590,6.703,16.791,1987.028
1591,6.763,16.801,1988.097
1592,6.741,16.635,1989.098
1593,6.806,16.686,1991.318
1594,6.915,16.273,1993.453
1595,6.724,16.779,1994.603
1596,6.781,16.768,1995.643
1597,6.724,16.689,1997.391
1598,6.736,16.824,1999.422
1599,6.773,16.711,2000.716
1600,6.731,16.811,2002.087
1601,6.724,16.707,2004.191
1602,6.736,16.688,2006.621
1603,6.725,16.828,2008.442
1604,6.769,16.711,2009.621
1605,6.736,16.712,2010.807
1606,6.766,16.748,2012.152
1607,6.789,16.792,2013.287
1608,6.775,16.757,2014.672
1609,6.744,16.701,2015.987
1610,6.724,16.797,2018.347
1611,6.722,16.737,2019.711
1612,6.736,16.747,2020.914
1613,6.733,16.795,2022.028
1614,6.765,16.810,2023.594
1615,6.747,16.761,2027.101
1616,6.740,16.674,2028.489
1617,6.807,16.745,2032.092
1618,6.705,16.858,2035.600
1619,6.723,16.809,2039.095
1620,6.719,16.825,2040.295
1621,6.706,16.858,2041.772
1622,6.703,16.789,2043.247
1623,6.723,16.802,2045.612
1624,6.766,16.737,2047.463
1625,6.720,16.623,2051.348
1626,6.742,16.867,2052.728
1627,6.767,16.741,2053.868
1628,6.765,16.696,2055.001
1629,6.735,16.849,2056.081
1630,6.730,16.797,2057.302
1631,6.732,16.813,2058.616
1632,6.737,16.728,2060.243
1633,6.736,16.862,2061.999
1634,6.749,16.820,2063.378
1635,6.775,16.798,2064.752
1636,6.736,16.799,2065.769
1637,6.726,16.753,2066.940
1638,6.739,16.862,2069.928
1639,6.725,16.697,2071.258
1640,6.736,16.814,2072.338
1641,6.725,16.795,2073.413
1642,6.747,16.810,2075.582
1643,6.767,16.852,2076.592
1644,6.765,16.753,2079.651
1645,6.726,16.789,2081.000
1646,6.766,16.755,2081.971
1647,6.745,16.873,2083.111
1648,6.764,16.815,2084.114
1649,6.737,16.678,2085.353
1650,6.743,16.572,2086.390
1651,6.747,16.761,2087.472
1652,6.761,16.850,2089.442
1653,6.731,16.792,2092.191
1654,6.769,16.943,2094.045
1655,6.770,16.719,2095.635
1656,6.727,16.821,2097.455
1657,6.723,16.858,2099.080
1658,6.737,16.812,2100.607
1659,6.739,16.720,2101.738
1660,6.734,16.792,2102.781
1661,6.735,16.786,2104.470
1662,6.734,16.778,2105.945
1663,6.732,16.661,2109.369
1664,6.727,16.773,2112.672
1665,6.739,16.730,2115.874
1666,6.727,16.782,2116.958
1667,6.722,16.850,2119.244
1668,6.701,16.879,2120.675
1669,6.726,16.721,2121.662
1670,6.745,16.775,2123.740
1671,6.718,16.881,2126.239
1672,6.764,16.808,2127.643
1673,6.727,16.678,2129.208
1674,6.766,16.804,2131.024
1675,6.766,16.676,2132.078
1676,6.738,16.861,2133.274
1677,6.745,16.803,2134.648
1678,6.723,16.754,2135.727
1679,6.770,16.784,2137.593
1680,6.765,16.756,2138.652
1681,6.775,16.811,2140.104
1682,6.725,16.792,2141.206
1683,6.726,16.745,2142.250
1684,6.779,16.783,2144.173
1685,6.744,16.792,2146.014
1686,6.747,16.721,2147.424
1687,6.741,16.767,2148.806
1688,6.737,16.801,2150.049
1689,6.758,16.885,2151.414
1690,6.726,16.740,2152.487
1691,6.743,16.808,2153.490
1692,6.726,16.742,2155.741
1693,6.723,16.811,2157.765
1694,6.746,16.802,2159.397
1695,6.755,16.734,2160.812
1696,6.726,16.796,2163.775
1697,6.749,16.721,2167.069
1698,6.748,16.653,2168.742
1699,6.741,16.817,2170.822
1700,6.741,16.797,2171.923
1701,6.717,16.786,2173.276
1702,6.745,16.731,2174.604
1703,6.744,16.726,2175.888
1704,6.744,16.802,2176.937
1705,6.720,16.844,2178.152
1706,6.747,16.666,2179.344
1707,6.734,16.861,2180.518
1708,6.732,16.800,2183.522
1709,6.727,16.739,2184.566
1710,6.712,16.542,2185.677
1711,6.725,16.737,2187.143
1712,6.742,16.775,2188.150
1713,6.849,16.609,2189.406
1714,6.736,16.726,2190.401
1715,6.743,16.824,2191.847
1716,6.748,16.709,2192.871
1717,6.711,16.745,2194.041
1718,6.743,16.843,2195.400
1719,6.724,16.739,2196.619
1720,6.737,16.796,2197.759
1721,6.725,16.794,2199.280
1722,6.745,16.764,2201.204
1723,6.724,16.827,2202.499
1724,6.766,16.669,2203.722
1725,6.726,16.793,2205.343
1726,6.725,16.805,2207.122
1727,6.725,16.810,2208.170
1728,6.712,16.702,2209.476
1729,6.723,16.849,2210.722
1730,6.748,16.655,2211.886
1731,6.722,16.737,2213.112
1732,6.724,16.862,2214.373
1733,6.723,16.807,2215.391
1734,6.732,16.806,2216.413
1735,6.721,16.651,2217.524
1736,6.725,16.729,2218.842
1737,6.729,16.737,2219.892
1738,6.730,16.675,2220.919
1739,6.720,16.808,2222.235
1740,6.724,16.804,2223.857
1741,6.723,16.750,2225.353
1742,6.710,16.617,2227.466
1743,6.720,16.808,2228.558
1744,6.720,16.817,2230.948
1745,6.723,16.828,2232.151
1746,6.729,16.666,2233.121
1747,6.719,16.841,2234.148
1748,6.721,16.901,2235.159
1749,6.725,16.811,2236.147
1750,6.728,16.738,2237.230
1751,6.715,16.929,2238.486
1752,6.736,16.742,2239.522
1753,6.723,16.811,2240.780
1754,6.724,16.820,2241.909
1755,6.723,16.814,2243.050
1756,6.722,16.871,2244.615
1757,6.726,16.743,2245.607
1758,6.782,16.675,2246.622
1759,6.721,16.832,2247.652
1760,6.718,16.891,2248.709
1761,6.738,16.671,2249.900
1762,6.723,16.819,2252.601
1763,6.700,16.916,2254.304
1764,6.752,17.038,2255.566
1765,6.729,16.789,2257.051
1766,6.705,16.700,2259.304
1767,6.725,16.766,2260.390
1768,6.723,16.804,2261.909
1769,6.726,16.745,2263.098
1770,6.722,16.737,2264.346
1771,6.725,16.733,2266.219
1772,6.730,16.873,2268.557
1773,6.714,16.602,2269.999
1774,6.723,16.792,2271.711
1775,6.683,16.818,2274.060
1776,6.700,16.919,2275.930
1777,6.719,16.833,2277.682
1778,6.729,16.775,2279.710
1779,6.720,16.833,2280.829
1780,6.727,16.650,2281.810
1781,6.708,16.579,2282.988
1782,6.736,16.729,2284.247
1783,6.711,16.549,2287.142
1784,6.709,16.568,2288.559
1785,6.722,16.780,2289.721
1786,6.721,16.667,2290.799
1787,6.733,16.761,2291.881
1788,6.720,16.733,2292.955
1789,6.721,16.551,2293.971
1790,6.733,16.696,2294.951
1791,6.712,16.620,2296.098
1792,6.732,16.554,2297.701
1793,6.706,16.690,2298.823
1794,6.719,16.586,2299.980
1795,6.725,16.658,2301.013
1796,6.709,16.620,2302.045
1797,6.797,16.740,2303.195
1798,6.735,16.665,2304.701
1799,6.707,16.560,2305.884
1800,6.722,16.664,2307.163
1801,6.729,16.657,2308.346
1802,6.735,16.657,2309.463
1803,6.727,16.659,2311.309
1804,6.720,16.758,2312.519
1805,6.724,16.665,2313.553
1806,6.726,16.819,2314.541
1807,6.725,16.660,2315.551
1808,6.733,16.800,2316.888
1809,6.722,16.733,2318.738
1810,6.724,16.682,2319.897
1811,6.715,16.701,2321.107
1812,6.726,16.653,2322.808
1813,6.739,16.657,2323.767
1814,6.713,16.545,2324.858
1815,6.732,16.653,2326.076
1816,6.728,16.680,2329.096
1817,6.713,16.613,2330.859
1818,6.709,16.622,2332.941
1819,6.710,16.624,2334.315
1820,6.725,16.565,2335.932
1821,6.724,16.729,2339.150
1822,6.739,16.671,2340.996
1823,6.726,16.658,2343.554
1824,6.720,16.738,2345.736
1825,6.722,16.658,2346.712
1826,6.715,16.563,2347.785
1827,6.744,16.722,2348.871
1828,6.735,16.667,2349.941
1829,6.721,16.657,2351.025
1830,6.714,16.612,2352.017
1831,6.721,16.733,2353.398
1832,6.726,16.655,2354.360
1833,6.741,16.716,2355.796
1834,6.729,16.709,2357.115
1835,6.725,16.650,2358.884
1836,6.732,16.725,2359.984
1837,6.732,16.703,2361.287
1838,6.735,16.668,2362.358
1839,6.721,16.562,2363.729
1840,6.733,16.711,2364.901
1841,6.719,16.654,2366.174
1842,6.712,16.620,2369.283
1843,6.754,16.781,2370.898
1844,6.727,16.675,2372.842
1845,6.736,16.665,2374.220
1846,6.733,16.686,2376.767
1847,6.735,16.678,2377.886
1848,6.710,16.549,2378.890
1849,6.726,16.793,2379.907
1850,6.735,16.683,2382.454
1851,6.733,16.747,2384.652
1852,6.723,16.628,2385.652
1853,6.715,16.554,2386.933
1854,6.720,16.687,2388.019
1855,6.769,16.712,2391.275
1856,6.736,16.654,2392.937
1857,6.735,16.733,2395.132
1858,6.763,16.812,2396.307
1859,6.732,16.663,2397.891
1860,6.736,16.667,2400.521
1861,6.724,16.672,2401.506
1862,6.739,16.657,2402.502
1863,6.721,16.797,2403.525
1864,6.721,16.622,2404.595
1865,6.738,16.669,2406.894
1866,6.732,16.696,2407.858
1867,6.767,16.708,2408.923
1868,6.731,16.803,2410.060
1869,6.724,16.710,2413.111
1870,6.727,16.725,2414.611
1871,6.738,16.668,2416.592
1872,6.733,16.686,2418.044
1873,6.705,16.656,2419.173
1874,6.733,16.773,2420.336
1875,6.727,16.740,2421.368
1876,6.763,16.722,2422.533
1877,6.726,16.741,2423.578
1878,6.715,16.538,2425.210
1879,6.725,16.730,2427.164
1880,6.726,16.697,2428.592
1881,6.751,16.562,2430.903
1882,6.720,16.808,2432.015
1883,6.727,16.611,2433.305
1884,6.711,16.616,2434.873
1885,6.737,16.667,2435.912
1886,6.720,16.805,2438.610
1887,6.740,16.745,2440.141
1888,6.723,16.736,2441.436
1889,6.731,16.665,2442.744
1890,6.746,16.733,2444.371
1891,6.746,16.660,2446.895
1892,6.728,16.734,2448.548
1893,6.720,16.828,2449.656
1894,6.758,16.714,2452.042
1895,6.719,16.817,2453.501
1896,6.761,16.705,2454.525
1897,6.721,16.739,2456.072
1898,6.725,16.666,2458.920
1899,6.736,16.661,2460.159
1900,6.766,16.705,2461.271
1901,6.741,16.655,2462.922
1902,6.747,16.666,2464.062
1903,6.762,16.707,2465.200
1904,6.775,16.713,2466.768
1905,6.734,16.733,2468.976
1906,6.740,16.652,2470.914
1907,6.738,16.714,2472.427
1908,6.770,16.692,2473.496
1909,6.735,16.686,2475.163
1910,6.738,16.657,2476.703
1911,6.731,16.560,2479.799
1912,6.760,16.784,2483.113
1913,6.726,16.671,2485.225
1914,6.767,16.795,2487.382
1915,6.745,16.687,2489.271
1916,6.766,16.743,2490.826
1917,6.743,16.662,2491.928
1918,6.750,16.646,2492.953
1919,6.738,16.669,2495.533
1920,6.741,16.666,2499.260
1921,6.738,16.664,2501.126
1922,6.734,16.649,2502.598
1923,6.754,16.714,2504.365
1924,6.739,16.647,2505.952
1925,6.738,16.658,2509.365
1926,6.748,16.721,2511.693
1927,6.720,16.708,2513.225
1928,6.722,16.702,2514.645
1929,6.727,16.645,2516.844
1930,6.753,16.708,2520.295
1931,6.764,16.780,2522.518
1932,6.734,16.681,2524.084
1933,6.741,16.647,2525.873
1934,6.728,16.652,2526.871
1935,6.726,16.674,2528.971
1936,6.737,16.651,2530.096
1937,6.762,16.722,2531.521
1938,6.737,16.664,2533.725
1939,6.736,16.655,2535.790
1940,6.734,16.705,2537.587
1941,6.768,16.706,2539.611
1942,6.767,16.698,2541.607
1943,6.733,16.662,2543.693
1944,6.728,16.651,2546.496
1945,6.716,16.655,2549.796
1946,6.739,16.623,2553.108
1947,6.743,16.656,2556.260
1948,6.743,16.707,2557.672
1949,6.735,16.660,2559.898
1950,6.737,16.654,2562.282
1951,6.731,16.706,2563.460
1952,6.772,16.714,2565.758
1953,6.735,16.671,2567.130
1954,6.743,16.646,2569.471
1955,6.741,16.667,2571.282
1956,6.730,16.693,2573.252
1957,6.722,16.667,2574.633
1958,6.729,16.657,2575.996
1959,6.739,16.651,2576.988
1960,6.751,16.745,2578.224
1961,6.727,16.663,2579.294
1962,6.738,16.647,2580.442
1963,6.736,16.670,2583.876
1964,6.725,16.657,2585.157
1965,6.722,16.662,2586.430
1966,6.736,16.665,2589.257
1967,6.731,16.676,2591.762
1968,6.729,16.506,2593.240
1969,6.733,16.654,2594.537
1970,6.737,16.654,2595.825
1971,6.755,16.812,2597.406
1972,6.726,16.659,2598.996
1973,6.755,16.719,2602.469
1974,6.731,16.622,2605.446
1975,6.743,16.703,2606.584
1976,6.770,16.735,2607.585
1977,6.734,16.663,2608.646
1978,6.757,16.699,2609.785
1979,6.733,16.704,2611.305
1980,6.726,16.661,2612.876
1981,6.756,16.715,2614.215
1982,6.758,16.713,2615.297
1983,6.755,16.707,2616.487
1984,6.720,16.732,2617.997
1985,6.723,16.720,2619.136
1986,6.759,16.696,2620.577
1987,6.727,16.655,2621.702
1988,6.721,16.693,2622.995
1989,6.766,16.733,2624.883
1990,6.729,16.665,2625.928
1991,6.721,16.719,2626.939
1992,6.727,16.663,2627.963
1993,6.725,16.734,2629.360
1994,6.729,16.653,2630.846
1995,6.753,16.756,2632.033
1996,6.738,16.656,2633.070
1997,6.735,16.674,2635.222
1998,6.739,16.647,2636.785
1999,6.731,16.648,2637.931
2000,6.720,16.699,2638.932
2001,6.754,16.696,2640.661
2002,6.720,16.691,2641.782
2003,6.765,16.704,2644.152
2004,6.726,16.664,2645.976
2005,6.737,16.671,2648.712
2006,6.769,16.704,2650.317
2007,6.725,16.664,2652.354
2008,6.752,16.612,2654.388
2009,6.740,16.661,2656.129
2010,6.740,16.662,2658.215
2011,6.740,16.667,2659.628
2012,6.726,16.670,2660.714
2013,6.761,16.697,2661.730
2014,6.723,16.670,2664.664
2015,6.735,16.661,2667.670
2016,6.741,16.605,2668.829
2017,6.769,16.707,2670.260
2018,6.756,16.708,2671.430
2019,6.725,16.656,2672.432
2020,6.739,16.651,2674.039
2021,6.721,16.687,2675.402
2022,6.743,16.658,2677.325
2023,6.723,16.674,2678.377
2024,6.724,16.673,2679.399
2025,6.741,16.645,2681.491
2026,6.734,16.663,2682.647
2027,6.723,16.663,2683.642
2028,6.723,16.587,2686.324
2029,6.725,16.666,2687.801
2030,6.728,16.657,2689.576
2031,6.710,16.637,2690.564
2032,6.737,16.650,2693.184
2033,6.723,16.659,2694.887
2034,6.728,16.648,2696.327
2035,6.734,16.668,2697.900
2036,6.725,16.639,2699.188
2037,6.727,16.666,2700.507
2038,6.723,16.665,2702.195
2039,6.771,16.592,2703.309
2040,6.724,16.667,2704.391
2041,6.755,16.606,2706.045
2042,6.723,16.672,2708.763
2043,6.723,16.657,2711.316
2044,6.735,16.656,2713.762
2045,6.745,16.651,2714.833
2046,6.726,16.659,2716.820
2047,6.727,16.662,2719.216
2048,6.725,16.667,2723.064
2049,6.735,16.625,2725.687
2050,6.725,16.660,2727.721
2051,6.736,16.621,2729.144
2052,6.738,16.660,2730.199
2053,6.726,16.666,2731.317
2054,6.728,16.662,2732.465
2055,6.730,16.660,2733.670
2056,6.735,16.663,2735.113
2057,6.733,16.647,2737.911
2058,6.753,16.615,2740.698
2059,6.736,16.644,2743.533
2060,6.738,16.669,2745.823
2061,6.739,16.662,2747.306
2062,6.724,16.665,2748.382
2063,6.737,16.666,2751.252
2064,6.727,16.617,2754.942
2065,6.723,16.665,2757.046
2066,6.738,16.667,2758.266
2067,6.742,16.656,2761.210
2068,6.727,16.660,2764.393
2069,6.737,16.622,2767.142
2070,6.746,16.624,2769.894
2071,6.730,16.667,2772.338
2072,6.721,16.672,2774.199
2073,6.699,16.693,2777.263
2074,6.744,16.713,2778.481
2075,6.740,16.648,2780.240
2076,6.785,16.691,2782.577
2077,6.727,16.668,2784.397
2078,6.736,16.709,2786.851
2079,6.739,16.652,2788.639
2080,6.739,16.660,2790.182
2081,6.784,16.690,2791.344
2082,6.725,16.666,2792.371
2083,6.727,16.661,2794.415
2084,6.737,16.660,2796.193
2085,6.726,16.657,2797.473
2086,6.740,16.663,2798.537
2087,6.736,16.637,2800.069
2088,6.760,16.719,2802.439
2089,6.740,16.664,2803.478
2090,6.742,16.646,2804.513
2091,6.740,16.662,2807.195
2092,6.742,16.652,2809.639
2093,6.723,16.666,2810.728
2094,6.741,16.650,2812.539
2095,6.748,16.657,2815.126
2096,6.725,16.650,2816.814
2097,6.738,16.651,2818.411
2098,6.738,16.653,2821.981
2099,6.743,16.652,2824.834
2100,6.717,16.694,2828.011
2101,6.742,16.647,2830.788
2102,6.769,16.713,2831.834
2103,6.739,16.649,2832.852
2104,6.746,16.655,2834.974
2105,6.735,16.804,2837.595
2106,6.759,16.723,2841.273
2107,6.805,16.735,2844.310
2108,6.725,16.658,2846.419
2109,6.742,16.658,2848.264
2110,6.759,16.712,2849.406
2111,6.772,16.707,2850.525
2112,6.752,16.769,2851.802
2113,6.762,16.715,2852.904
2114,6.762,16.712,2853.960
2115,6.759,16.703,2855.581
2116,6.763,16.699,2856.856
2117,6.739,16.669,2857.895
2118,6.765,16.697,2859.272
2119,6.765,16.716,2860.270
2120,6.762,16.689,2861.487
2121,6.763,16.713,2863.079
2122,6.867,16.535,2864.206
2123,6.734,16.660,2865.199
2124,6.766,16.711,2867.066
2125,6.742,16.660,2870.448
2126,6.745,16.657,2873.558
2127,6.765,16.702,2876.212
2128,6.769,16.690,2878.576
2129,6.764,16.707,2881.563
2130,6.736,16.648,2882.982
2131,6.735,16.648,2885.196
2132,6.765,16.718,2887.767
2133,6.767,16.705,2890.560
2134,6.741,16.647,2891.605
2135,6.743,16.626,2893.735
2136,6.761,16.705,2897.152
2137,6.742,16.645,2899.064
2138,6.772,16.695,2900.662
2139,6.751,16.653,2902.068
2140,6.764,16.701,2904.662
2141,6.765,16.709,2907.178
2142,6.737,16.656,2909.016
2143,6.746,16.651,2910.531
2144,6.730,16.656,2912.535
2145,6.760,16.702,2913.792
2146,6.762,16.753,2915.287
2147,6.731,16.643,2916.357
2148,6.743,16.659,2917.577
2149,6.738,16.669,2920.338
2150,6.739,16.663,2922.387
2151,6.760,16.704,2923.558
2152,6.744,16.720,2924.682
2153,6.764,16.707,2925.844
2154,6.745,16.665,2927.106
2155,6.739,16.637,2928.340
2156,6.739,16.658,2930.639
2157,6.739,16.660,2933.985
2158,6.744,16.654,2935.515
2159,6.761,16.703,2936.563
2160,6.766,16.708,2937.651
2161,6.763,16.703,2939.253
2162,6.732,16.649,2940.955
2163,6.763,16.715,2943.101
2164,6.763,16.694,2944.796
2165,6.759,16.703,2946.680
2166,6.739,16.658,2948.236
2167,6.744,16.648,2950.977
2168,6.770,16.688,2952.458
2169,6.745,16.624,2953.592
2170,6.778,16.677,2954.685
2171,6.776,16.768,2955.827
2172,6.749,16.652,2956.987
2173,6.734,16.644,2958.089
2174,6.756,16.697,2959.165
2175,6.763,16.711,2961.246
2176,6.748,16.648,2962.353
2177,6.751,16.704,2963.511
2178,6.764,16.701,2964.594
2179,6.756,16.236,2965.819
2180,6.739,16.647,2967.426
2181,6.772,16.692,2968.697
2182,6.748,16.652,2970.257
2183,6.764,16.698,2971.404
2184,6.763,16.705,2972.552
2185,6.764,16.683,2973.700
2186,6.765,16.698,2974.747
2187,6.747,16.639,2975.821
