1,0.002,0.030,0.030
2,0.002,0.022,0.052
3,0.003,0.026,0.078
4,0.003,0.023,0.101
5,0.003,0.025,0.125
6,0.003,0.026,0.151
7,0.004,0.025,0.176
8,0.004,0.024,0.200
9,0.004,0.031,0.231
10,0.004,0.027,0.258
11,0.004,0.028,0.286
12,0.004,0.025,0.311
13,0.004,0.032,0.343
14,0.004,0.029,0.371
15,0.005,0.023,0.395
16,0.005,0.026,0.421
17,0.005,0.022,0.443
18,0.005,0.023,0.466
19,0.005,0.023,0.489
20,0.005,0.030,0.519
21,0.005,0.023,0.542
22,0.005,0.026,0.568
23,0.005,0.028,0.596
24,0.005,0.031,0.627
25,0.006,0.021,0.648
26,0.006,0.030,0.678
27,0.006,0.021,0.699
28,0.006,0.023,0.721
29,0.006,0.022,0.743
30,0.006,0.021,0.764
31,0.006,0.021,0.786
32,0.006,0.020,0.806
33,0.006,0.024,0.830
34,0.006,0.019,0.849
35,0.006,0.025,0.874
36,0.006,0.020,0.894
37,0.007,0.020,0.914
38,0.007,0.021,0.935
39,0.007,0.019,0.954
40,0.007,0.024,0.978
41,0.007,0.022,1.000
42,0.007,0.022,1.022
43,0.007,0.018,1.040
44,0.007,0.017,1.057
45,0.007,0.023,1.080
46,0.007,0.018,1.098
47,0.007,0.027,1.125
48,0.007,0.019,1.144
49,0.008,0.019,1.163
50,0.008,0.021,1.184
51,0.007,0.018,1.202
52,0.008,0.021,1.223
53,0.008,0.019,1.242
54,0.008,0.020,1.263
55,0.008,0.021,1.284
56,0.008,0.017,1.301
57,0.008,0.022,1.323
58,0.008,0.018,1.341
59,0.008,0.028,1.369
60,0.009,0.017,1.386
61,0.009,0.018,1.403
62,0.008,0.022,1.425
63,0.009,0.017,1.442
64,0.009,0.021,1.463
65,0.009,0.020,1.484
66,0.009,0.020,1.504
67,0.009,0.021,1.525
68,0.009,0.018,1.543
69,0.009,0.022,1.565
70,0.009,0.021,1.586
71,0.008,0.018,1.603
72,0.009,0.021,1.624
73,0.009,0.017,1.642
74,0.009,0.016,1.658
75,0.009,0.019,1.677
76,0.009,0.021,1.698
77,0.009,0.021,1.719
78,0.009,0.016,1.735
79,0.009,0.016,1.751
80,0.010,0.018,1.769
81,0.010,0.016,1.785
82,0.010,0.020,1.806
83,0.010,0.020,1.826
84,0.010,0.016,1.842
85,0.010,0.019,1.861
86,0.010,0.017,1.878
87,0.009,0.016,1.894
88,0.010,0.021,1.915
89,0.010,0.019,1.934
90,0.010,0.015,1.949
91,0.010,0.017,1.966
92,0.010,0.019,1.985
93,0.010,0.018,2.003
94,0.010,0.019,2.022
95,0.010,0.018,2.039
96,0.010,0.019,2.058
97,0.010,0.017,2.076
98,0.011,0.017,2.093
99,0.011,0.020,2.113
100,0.011,0.017,2.130
101,0.011,0.018,2.148
102,0.011,0.019,2.168
103,0.010,0.018,2.185
104,0.010,0.016,2.201
105,0.010,0.018,2.220
106,0.010,0.017,2.237
107,0.010,0.017,2.254
108,0.011,0.019,2.272
109,0.011,0.016,2.288
110,0.010,0.020,2.308
111,0.011,0.016,2.324
112,0.011,0.017,2.342
113,0.011,0.020,2.362
114,0.011,0.016,2.377
115,0.011,0.015,2.392
116,0.011,0.018,2.410
117,0.012,0.018,2.428
118,0.012,0.016,2.444
119,0.011,0.019,2.463
120,0.012,0.016,2.479
121,0.012,0.015,2.494
122,0.012,0.017,2.510
123,0.012,0.017,2.527
124,0.012,0.014,2.542
125,0.012,0.019,2.561
126,0.013,0.016,2.577
127,0.011,0.016,2.593
128,0.012,0.018,2.611
129,0.012,0.016,2.627
130,0.012,0.016,2.643
131,0.012,0.021,2.665
132,0.012,0.015,2.679
133,0.012,0.015,2.694
134,0.011,0.020,2.714
135,0.012,0.017,2.730
136,0.012,0.016,2.746
137,0.012,0.020,2.766
138,0.013,0.018,2.784
139,0.012,0.016,2.800
140,0.012,0.019,2.820
141,0.012,0.015,2.834
142,0.013,0.016,2.851
143,0.012,0.018,2.869
144,0.012,0.018,2.887
145,0.013,0.014,2.901
146,0.012,0.025,2.926
147,0.013,0.015,2.941
148,0.013,0.014,2.955
149,0.013,0.018,2.973
150,0.013,0.016,2.989
151,0.013,0.017,3.006
152,0.013,0.018,3.024
153,0.013,0.014,3.037
154,0.013,0.014,3.052
155,0.013,0.017,3.068
156,0.013,0.014,3.082
157,0.013,0.016,3.099
158,0.013,0.018,3.116
159,0.013,0.016,3.132
160,0.013,0.014,3.145
161,0.013,0.017,3.162
162,0.014,0.015,3.177
163,0.013,0.015,3.192
164,0.013,0.023,3.214
165,0.014,0.015,3.230
166,0.014,0.013,3.243
167,0.014,0.017,3.260
168,0.014,0.017,3.277
169,0.014,0.015,3.291
170,0.014,0.017,3.308
171,0.014,0.017,3.325
172,0.014,0.014,3.340
173,0.013,0.014,3.354
174,0.014,0.018,3.372
175,0.014,0.015,3.387
176,0.015,0.013,3.400
177,0.015,0.021,3.421
178,0.014,0.015,3.436
179,0.014,0.013,3.449
180,0.015,0.018,3.467
181,0.014,0.015,3.481
182,0.015,0.014,3.495
183,0.015,0.018,3.513
184,0.015,0.015,3.527
185,0.014,0.014,3.541
186,0.015,0.014,3.555
187,0.015,0.017,3.572
188,0.015,0.015,3.587
189,0.015,0.014,3.602
190,0.015,0.018,3.619
191,0.015,0.013,3.632
192,0.015,0.015,3.648
193,0.015,0.020,3.668
194,0.015,0.013,3.681
195,0.015,0.013,3.694
196,0.016,0.017,3.711
197,0.016,0.014,3.725
198,0.016,0.015,3.739
199,0.016,0.014,3.753
200,0.015,0.018,3.771
201,0.017,0.015,3.786
202,0.016,0.013,3.799
203,0.016,0.017,3.816
204,0.016,0.013,3.830
205,0.016,0.016,3.845
206,0.016,0.017,3.862
207,0.016,0.014,3.876
208,0.016,0.013,3.889
209,0.016,0.016,3.905
210,0.016,0.016,3.920
211,0.017,0.014,3.934
212,0.017,0.014,3.948
213,0.017,0.019,3.967
214,0.016,0.014,3.981
215,0.016,0.013,3.994
216,0.016,0.017,4.011
217,0.016,0.014,4.025
218,0.016,0.013,4.038
219,0.016,0.013,4.051
220,0.016,0.018,4.069
221,0.016,0.014,4.083
222,0.017,0.015,4.097
223,0.017,0.017,4.114
224,0.017,0.013,4.127
225,0.017,0.012,4.140
226,0.017,0.017,4.157
227,0.017,0.016,4.173
228,0.017,0.013,4.186
229,0.017,0.014,4.200
230,0.017,0.016,4.216
231,0.017,0.013,4.229
232,0.017,0.014,4.243
233,0.018,0.016,4.259
234,0.017,0.014,4.273
235,0.017,0.015,4.288
236,0.019,0.016,4.304
237,0.017,0.015,4.319
238,0.017,0.014,4.332
239,0.017,0.015,4.347
240,0.017,0.016,4.363
241,0.018,0.015,4.378
242,0.017,0.014,4.392
243,0.018,0.019,4.410
244,0.018,0.012,4.423
245,0.018,0.013,4.436
246,0.018,0.017,4.453
247,0.018,0.014,4.467
248,0.017,0.014,4.481
249,0.018,0.014,4.495
250,0.018,0.016,4.511
251,0.018,0.013,4.523
252,0.018,0.013,4.536
253,0.018,0.015,4.551
254,0.017,0.017,4.568
255,0.017,0.014,4.582
256,0.017,0.013,4.595
257,0.018,0.016,4.611
258,0.017,0.014,4.625
259,0.017,0.014,4.640
260,0.017,0.016,4.655
261,0.017,0.014,4.670
262,0.017,0.014,4.684
263,0.017,0.013,4.697
264,0.017,0.018,4.714
265,0.017,0.013,4.727
266,0.017,0.015,4.742
267,0.017,0.018,4.760
268,0.018,0.015,4.775
269,0.018,0.012,4.787
270,0.018,0.016,4.803
271,0.018,0.014,4.817
272,0.017,0.015,4.832
273,0.018,0.016,4.849
274,0.018,0.016,4.865
275,0.018,0.013,4.878
276,0.017,0.012,4.891
277,0.017,0.017,4.907
278,0.017,0.013,4.920
279,0.017,0.016,4.936
280,0.018,0.015,4.951
281,0.017,0.015,4.965
282,0.017,0.016,4.981
283,0.017,0.013,4.994
284,0.017,0.017,5.011
285,0.017,0.014,5.025
286,0.017,0.016,5.041
287,0.017,0.017,5.059
288,0.017,0.014,5.073
289,0.016,0.013,5.086
290,0.015,0.015,5.101
291,0.016,0.015,5.117
292,0.016,0.014,5.131
293,0.016,0.017,5.148
294,0.016,0.015,5.163
295,0.016,0.014,5.178
296,0.016,0.013,5.190
297,0.016,0.016,5.206
298,0.016,0.013,5.219
299,0.016,0.014,5.233
300,0.017,0.016,5.250
301,0.017,0.014,5.264
302,0.017,0.014,5.278
303,0.017,0.013,5.291
304,0.017,0.016,5.307
305,0.017,0.014,5.321
306,0.017,0.016,5.337
307,0.017,0.017,5.354
308,0.017,0.015,5.369
309,0.017,0.013,5.382
310,0.017,0.016,5.398
311,0.017,0.016,5.413
312,0.017,0.014,5.427
313,0.017,0.014,5.442
314,0.017,0.017,5.459
315,0.017,0.013,5.472
316,0.017,0.014,5.486
317,0.017,0.016,5.502
318,0.017,0.013,5.515
319,0.017,0.015,5.530
320,0.017,0.012,5.542
321,0.017,0.017,5.559
322,0.016,0.014,5.574
323,0.016,0.013,5.587
324,0.017,0.017,5.604
325,0.018,0.015,5.618
326,0.016,0.018,5.636
327,0.016,0.017,5.654
328,0.016,0.014,5.668
329,0.016,0.013,5.681
330,0.018,0.016,5.697
331,0.018,0.014,5.711
332,0.018,0.014,5.725
333,0.017,0.014,5.739
334,0.017,0.018,5.757
335,0.017,0.014,5.771
336,0.018,0.015,5.786
337,0.017,0.020,5.806
338,0.017,0.014,5.820
339,0.018,0.014,5.834
340,0.018,0.015,5.850
341,0.018,0.013,5.862
342,0.019,0.014,5.876
343,0.018,0.013,5.889
344,0.018,0.017,5.906
345,0.018,0.014,5.920
346,0.019,0.015,5.934
347,0.018,0.015,5.949
348,0.018,0.013,5.962
349,0.018,0.014,5.976
350,0.019,0.013,5.988
351,0.019,0.014,6.003
352,0.019,0.015,6.017
353,0.019,0.015,6.032
354,0.019,0.016,6.048
355,0.019,0.013,6.061
356,0.020,0.015,6.076
357,0.020,0.013,6.089
358,0.019,0.016,6.105
359,0.020,0.016,6.121
360,0.019,0.014,6.135
361,0.020,0.017,6.152
362,0.020,0.014,6.165
363,0.019,0.015,6.181
364,0.019,0.015,6.196
365,0.019,0.015,6.211
366,0.020,0.015,6.225
367,0.019,0.012,6.237
368,0.019,0.014,6.251
369,0.020,0.014,6.265
370,0.020,0.014,6.279
371,0.019,0.015,6.294
372,0.019,0.014,6.308
373,0.020,0.015,6.323
374,0.019,0.012,6.335
375,0.019,0.015,6.350
376,0.020,0.013,6.364
377,0.020,0.014,6.377
378,0.019,0.016,6.394
379,0.020,0.016,6.409
380,0.019,0.013,6.422
381,0.019,0.012,6.434
382,0.020,0.014,6.448
383,0.020,0.013,6.461
384,0.020,0.012,6.473
385,0.021,0.014,6.487
386,0.021,0.017,6.504
387,0.021,0.014,6.518
388,0.021,0.012,6.529
389,0.020,0.014,6.543
390,0.020,0.014,6.558
391,0.020,0.013,6.571
392,0.021,0.013,6.583
393,0.021,0.019,6.602
394,0.021,0.012,6.614
395,0.021,0.013,6.627
396,0.021,0.014,6.641
397,0.021,0.016,6.657
398,0.020,0.012,6.669
399,0.021,0.012,6.681
400,0.022,0.016,6.697
401,0.022,0.013,6.710
402,0.022,0.011,6.721
403,0.022,0.016,6.737
404,0.022,0.024,6.760
405,0.022,0.014,6.774
406,0.022,0.013,6.787
407,0.022,0.016,6.803
408,0.022,0.014,6.816
409,0.023,0.013,6.829
410,0.022,0.012,6.841
411,0.022,0.016,6.857
412,0.022,0.012,6.869
413,0.020,0.015,6.884
414,0.022,0.014,6.898
415,0.021,0.014,6.912
416,0.021,0.012,6.925
417,0.021,0.012,6.936
418,0.022,0.016,6.952
419,0.022,0.013,6.964
420,0.022,0.013,6.978
421,0.021,0.013,6.990
422,0.021,0.016,7.006
423,0.021,0.012,7.019
424,0.021,0.012,7.031
425,0.023,0.013,7.044
426,0.021,0.017,7.060
427,0.022,0.012,7.072
428,0.021,0.011,7.083
429,0.021,0.015,7.099
430,0.020,0.012,7.111
431,0.021,0.013,7.124
432,0.021,0.014,7.138
433,0.021,0.018,7.156
434,0.021,0.012,7.168
435,0.021,0.013,7.181
436,0.022,0.013,7.194
437,0.022,0.014,7.208
438,0.022,0.013,7.221
439,0.021,0.012,7.233
440,0.021,0.017,7.250
441,0.021,0.015,7.265
442,0.022,0.014,7.278
443,0.022,0.013,7.291
444,0.021,0.015,7.306
445,0.022,0.013,7.319
446,0.022,0.013,7.332
447,0.022,0.012,7.344
448,0.022,0.018,7.362
449,0.022,0.013,7.375
450,0.021,0.014,7.389
451,0.022,0.016,7.405
452,0.020,0.014,7.419
453,0.020,0.012,7.430
454,0.021,0.015,7.446
455,0.021,0.015,7.460
456,0.021,0.013,7.474
457,0.021,0.012,7.485
458,0.021,0.012,7.497
459,0.022,0.017,7.514
460,0.021,0.013,7.527
461,0.023,0.013,7.540
462,0.022,0.016,7.556
463,0.022,0.015,7.571
464,0.022,0.011,7.582
465,0.022,0.012,7.594
466,0.021,0.014,7.608
467,0.021,0.014,7.623
468,0.022,0.015,7.638
469,0.022,0.015,7.653
470,0.021,0.014,7.667
471,0.021,0.012,7.679
472,0.020,0.014,7.693
473,0.021,0.016,7.708
474,0.020,0.013,7.721
475,0.020,0.012,7.733
476,0.020,0.013,7.746
477,0.020,0.017,7.763
478,0.020,0.015,7.778
479,0.020,0.014,7.791
480,0.020,0.016,7.807
481,0.019,0.013,7.820
482,0.020,0.014,7.834
483,0.020,0.012,7.846
484,0.020,0.015,7.860
485,0.020,0.013,7.873
486,0.020,0.012,7.886
487,0.019,0.015,7.901
488,0.019,0.015,7.916
489,0.020,0.013,7.928
490,0.020,0.012,7.941
491,0.020,0.018,7.958
492,0.022,0.013,7.971
493,0.021,0.012,7.984
494,0.020,0.017,8.001
495,0.021,0.014,8.015
496,0.021,0.012,8.027
497,0.020,0.014,8.041
498,0.020,0.016,8.057
499,0.020,0.013,8.070
500,0.020,0.012,8.082
501,0.021,0.012,8.094
502,0.020,0.014,8.109
503,0.020,0.012,8.121
504,0.021,0.012,8.133
505,0.021,0.017,8.150
506,0.020,0.015,8.165
507,0.020,0.011,8.176
508,0.020,0.012,8.188
509,0.020,0.015,8.203
510,0.020,0.012,8.215
511,0.021,0.011,8.226
512,0.021,0.012,8.238
513,0.020,0.016,8.254
514,0.020,0.012,8.266
515,0.020,0.012,8.278
516,0.020,0.012,8.290
517,0.020,0.020,8.309
518,0.020,0.013,8.322
519,0.020,0.013,8.335
520,0.020,0.014,8.349
521,0.020,0.013,8.362
522,0.020,0.012,8.374
523,0.020,0.012,8.386
524,0.020,0.016,8.402
525,0.020,0.012,8.415
526,0.019,0.012,8.427
527,0.019,0.012,8.438
528,0.019,0.016,8.454
529,0.020,0.013,8.467
530,0.019,0.012,8.479
531,0.019,0.012,8.491
532,0.019,0.016,8.507
533,0.019,0.013,8.520
534,0.019,0.013,8.532
535,0.020,0.015,8.547
536,0.020,0.014,8.561
537,0.019,0.012,8.574
538,0.020,0.012,8.586
539,0.020,0.019,8.604
540,0.021,0.016,8.620
541,0.021,0.012,8.632
542,0.021,0.013,8.644
543,0.020,0.015,8.659
544,0.020,0.012,8.671
545,0.020,0.012,8.683
546,0.020,0.012,8.694
547,0.020,0.015,8.710
548,0.020,0.011,8.721
549,0.020,0.014,8.735
550,0.020,0.016,8.751
551,0.019,0.014,8.764
552,0.021,0.011,8.776
553,0.019,0.012,8.788
554,0.019,0.016,8.804
555,0.019,0.012,8.816
556,0.019,0.012,8.828
557,0.019,0.012,8.841
558,0.019,0.017,8.858
559,0.019,0.013,8.870
560,0.019,0.013,8.884
561,0.020,0.013,8.896
562,0.020,0.016,8.912
563,0.020,0.011,8.924
564,0.020,0.012,8.936
565,0.020,0.014,8.950
566,0.020,0.014,8.964
567,0.020,0.012,8.976
568,0.020,0.011,8.987
569,0.020,0.016,9.004
570,0.021,0.015,9.019
571,0.020,0.013,9.032
572,0.020,0.012,9.044
573,0.020,0.015,9.059
574,0.020,0.011,9.070
575,0.020,0.012,9.082
576,0.020,0.014,9.096
577,0.020,0.014,9.110
578,0.020,0.012,9.122
579,0.020,0.013,9.135
580,0.019,0.016,9.151
581,0.019,0.013,9.165
582,0.020,0.013,9.177
583,0.022,0.013,9.190
584,0.019,0.016,9.206
585,0.019,0.012,9.218
586,0.021,0.012,9.229
587,0.020,0.014,9.243
588,0.021,0.015,9.258
589,0.020,0.012,9.271
590,0.021,0.012,9.282
591,0.021,0.016,9.298
592,0.019,0.014,9.312
593,0.020,0.013,9.325
594,0.020,0.012,9.337
595,0.020,0.017,9.353
596,0.020,0.013,9.366
597,0.020,0.013,9.379
598,0.020,0.012,9.391
599,0.021,0.016,9.407
600,0.021,0.015,9.421
601,0.021,0.012,9.433
602,0.020,0.014,9.447
603,0.020,0.013,9.461
604,0.020,0.012,9.473
605,0.020,0.012,9.485
606,0.020,0.016,9.501
607,0.019,0.013,9.514
608,0.020,0.012,9.527
609,0.019,0.012,9.539
610,0.020,0.017,9.556
611,0.020,0.013,9.568
612,0.020,0.012,9.580
613,0.020,0.012,9.592
614,0.019,0.017,9.610
615,0.019,0.013,9.622
616,0.020,0.013,9.636
617,0.019,0.015,9.651
618,0.020,0.012,9.662
619,0.019,0.013,9.676
620,0.020,0.013,9.689
621,0.019,0.015,9.704
622,0.019,0.014,9.718
623,0.020,0.013,9.731
624,0.020,0.017,9.748
625,0.020,0.013,9.760
626,0.019,0.014,9.774
627,0.019,0.014,9.788
628,0.019,0.015,9.803
629,0.020,0.015,9.818
630,0.021,0.012,9.830
631,0.019,0.015,9.844
632,0.020,0.014,9.858
633,0.020,0.012,9.870
634,0.019,0.013,9.883
635,0.020,0.016,9.899
636,0.020,0.012,9.911
637,0.022,0.013,9.924
638,0.019,0.012,9.936
639,0.020,0.015,9.951
640,0.019,0.012,9.963
641,0.019,0.013,9.975
642,0.019,0.012,9.988
643,0.020,0.016,10.004
644,0.020,0.013,10.017
645,0.020,0.012,10.028
646,0.019,0.012,10.041
647,0.019,0.014,10.055
648,0.020,0.014,10.069
649,0.019,0.012,10.080
650,0.020,0.016,10.097
651,0.020,0.012,10.109
652,0.020,0.013,10.122
653,0.019,0.012,10.134
654,0.020,0.017,10.151
655,0.020,0.013,10.164
656,0.020,0.012,10.176
657,0.020,0.016,10.192
658,0.019,0.013,10.205
659,0.020,0.012,10.217
660,0.019,0.012,10.229
661,0.020,0.015,10.244
662,0.019,0.014,10.258
663,0.019,0.013,10.271
664,0.019,0.013,10.284
665,0.019,0.015,10.299
666,0.019,0.014,10.313
667,0.020,0.013,10.326
668,0.019,0.013,10.339
669,0.020,0.015,10.354
670,0.020,0.013,10.367
671,0.020,0.013,10.379
672,0.020,0.017,10.397
673,0.021,0.012,10.409
674,0.020,0.015,10.424
675,0.020,0.014,10.438
676,0.020,0.015,10.453
677,0.021,0.013,10.466
678,0.020,0.014,10.480
679,0.020,0.014,10.494
680,0.020,0.012,10.506
681,0.020,0.013,10.519
682,0.020,0.013,10.531
683,0.020,0.018,10.549
684,0.020,0.012,10.562
685,0.020,0.012,10.574
686,0.021,0.013,10.587
687,0.020,0.015,10.602
688,0.020,0.012,10.614
689,0.020,0.012,10.626
690,0.020,0.016,10.642
691,0.021,0.014,10.656
692,0.021,0.013,10.669
693,0.021,0.013,10.681
694,0.021,0.015,10.696
695,0.021,0.013,10.709
696,0.020,0.013,10.721
697,0.021,0.013,10.735
698,0.019,0.015,10.750
699,0.020,0.013,10.762
700,0.020,0.013,10.776
701,0.020,0.016,10.791
702,0.021,0.015,10.806
703,0.021,0.012,10.818
704,0.020,0.012,10.830
705,0.020,0.014,10.845
706,0.021,0.012,10.857
707,0.021,0.012,10.869
708,0.022,0.013,10.882
709,0.022,0.015,10.897
710,0.022,0.013,10.910
711,0.020,0.015,10.925
712,0.019,0.014,10.939
713,0.020,0.014,10.953
714,0.020,0.013,10.967
715,0.020,0.013,10.979
716,0.020,0.018,10.997
717,0.020,0.014,11.011
718,0.020,0.013,11.024
719,0.020,0.016,11.041
720,0.020,0.015,11.055
721,0.020,0.012,11.068
722,0.020,0.012,11.080
723,0.020,0.013,11.093
724,0.019,0.014,11.107
725,0.018,0.012,11.119
726,0.018,0.012,11.131
727,0.020,0.018,11.149
728,0.019,0.015,11.165
729,0.020,0.012,11.177
730,0.018,0.017,11.194
731,0.019,0.015,11.209
732,0.019,0.012,11.221
733,0.019,0.012,11.233
734,0.018,0.014,11.247
735,0.019,0.013,11.259
736,0.019,0.013,11.273
737,0.019,0.017,11.290
738,0.019,0.014,11.304
739,0.020,0.014,11.318
740,0.020,0.012,11.330
741,0.020,0.015,11.345
742,0.020,0.013,11.357
743,0.020,0.013,11.371
744,0.019,0.017,11.388
745,0.019,0.015,11.403
746,0.019,0.014,11.416
747,0.019,0.013,11.430
748,0.019,0.017,11.447
749,0.019,0.013,11.459
750,0.018,0.012,11.472
751,0.019,0.014,11.486
752,0.019,0.016,11.502
753,0.019,0.015,11.517
754,0.019,0.013,11.529
755,0.019,0.014,11.543
756,0.019,0.013,11.557
757,0.020,0.012,11.569
758,0.019,0.013,11.581
759,0.020,0.015,11.596
760,0.020,0.014,11.610
761,0.019,0.013,11.624
762,0.020,0.014,11.638
763,0.020,0.014,11.652
764,0.019,0.013,11.665
765,0.019,0.013,11.678
766,0.019,0.016,11.694
767,0.019,0.014,11.709
768,0.019,0.014,11.722
769,0.019,0.016,11.739
770,0.019,0.013,11.752
771,0.019,0.012,11.764
772,0.020,0.012,11.777
773,0.020,0.016,11.792
774,0.020,0.015,11.807
775,0.019,0.012,11.819
776,0.020,0.014,11.833
777,0.020,0.013,11.846
778,0.020,0.013,11.859
779,0.020,0.013,11.872
780,0.020,0.015,11.887
781,0.020,0.014,11.901
782,0.020,0.012,11.913
783,0.020,0.012,11.925
784,0.020,0.015,11.939
785,0.020,0.013,11.952
786,0.020,0.014,11.967
787,0.021,0.013,11.980
788,0.021,0.016,11.996
789,0.021,0.012,12.008
790,0.020,0.012,12.020
791,0.019,0.020,12.041
792,0.020,0.013,12.054
793,0.020,0.013,12.067
794,0.019,0.015,12.082
795,0.020,0.015,12.097
796,0.020,0.013,12.110
797,0.020,0.012,12.121
798,0.020,0.015,12.136
799,0.019,0.013,12.149
800,0.020,0.014,12.163
801,0.020,0.012,12.175
802,0.020,0.015,12.190
803,0.020,0.013,12.203
804,0.020,0.012,12.215
805,0.020,0.013,12.227
806,0.020,0.014,12.242
807,0.021,0.013,12.254
808,0.019,0.014,12.269
809,0.020,0.016,12.284
810,0.020,0.013,12.298
811,0.020,0.014,12.311
812,0.019,0.011,12.322
813,0.020,0.015,12.337
814,0.019,0.013,12.350
815,0.020,0.014,12.364
816,0.021,0.016,12.380
817,0.020,0.014,12.394
818,0.020,0.012,12.406
819,0.020,0.012,12.418
820,0.019,0.016,12.433
821,0.019,0.014,12.447
822,0.020,0.013,12.460
823,0.020,0.013,12.472
824,0.019,0.016,12.488
825,0.020,0.013,12.501
826,0.020,0.012,12.513
827,0.020,0.015,12.529
828,0.020,0.016,12.544
829,0.019,0.012,12.556
830,0.020,0.015,12.571
831,0.020,0.016,12.587
832,0.020,0.013,12.601
833,0.019,0.012,12.613
834,0.019,0.013,12.626
835,0.019,0.016,12.641
836,0.020,0.012,12.653
837,0.019,0.013,12.667
838,0.019,0.015,12.682
839,0.019,0.014,12.696
840,0.020,0.014,12.710
841,0.019,0.015,12.726
842,0.019,0.018,12.743
843,0.019,0.015,12.758
844,0.019,0.014,12.772
845,0.019,0.018,12.789
846,0.019,0.011,12.801
847,0.019,0.012,12.813
848,0.019,0.012,12.825
849,0.019,0.015,12.840
850,0.019,0.014,12.855
851,0.019,0.012,12.867
852,0.020,0.016,12.882
853,0.020,0.014,12.897
854,0.020,0.012,12.909
855,0.020,0.013,12.922
856,0.020,0.016,12.938
857,0.020,0.014,12.952
858,0.020,0.012,12.964
859,0.019,0.015,12.979
860,0.019,0.014,12.992
861,0.020,0.012,13.004
862,0.020,0.012,13.016
863,0.020,0.013,13.029
864,0.020,0.015,13.044
865,0.020,0.012,13.056
866,0.021,0.012,13.068
867,0.021,0.015,13.083
868,0.021,0.013,13.096
869,0.021,0.011,13.107
870,0.019,0.014,13.121
871,0.021,0.016,13.137
872,0.020,0.012,13.149
873,0.020,0.012,13.161
874,0.020,0.012,13.173
875,0.020,0.015,13.188
876,0.019,0.012,13.200
877,0.020,0.012,13.212
878,0.020,0.016,13.228
879,0.020,0.014,13.242
880,0.020,0.012,13.254
881,0.020,0.012,13.266
882,0.021,0.014,13.281
883,0.020,0.013,13.294
884,0.020,0.015,13.308
885,0.020,0.014,13.322
886,0.020,0.016,13.338
887,0.020,0.012,13.349
888,0.020,0.012,13.361
889,0.019,0.012,13.373
890,0.020,0.014,13.387
891,0.020,0.013,13.401
892,0.020,0.012,13.412
893,0.020,0.016,13.428
894,0.020,0.013,13.442
895,0.020,0.013,13.455
896,0.019,0.012,13.467
897,0.020,0.017,13.484
898,0.021,0.013,13.497
899,0.019,0.012,13.509
900,0.019,0.012,13.521
901,0.019,0.015,13.537
902,0.019,0.013,13.550
903,0.019,0.013,13.563
904,0.018,0.018,13.581
905,0.019,0.013,13.593
906,0.019,0.013,13.606
907,0.020,0.013,13.619
908,0.020,0.017,13.636
909,0.019,0.013,13.649
910,0.019,0.012,13.661
911,0.019,0.014,13.675
912,0.019,0.018,13.694
913,0.020,0.014,13.707
914,0.020,0.013,13.720
915,0.019,0.016,13.736
916,0.020,0.012,13.748
917,0.020,0.012,13.760
918,0.020,0.015,13.776
919,0.020,0.014,13.789
920,0.020,0.013,13.802
921,0.020,0.013,13.815
922,0.020,0.016,13.831
923,0.020,0.012,13.843
924,0.019,0.012,13.856
925,0.019,0.015,13.871
926,0.021,0.015,13.886
927,0.020,0.013,13.899
928,0.020,0.012,13.910
929,0.021,0.014,13.925
930,0.020,0.013,13.937
931,0.020,0.013,13.951
932,0.020,0.012,13.962
933,0.021,0.015,13.977
934,0.020,0.013,13.991
935,0.020,0.012,14.002
936,0.021,0.011,14.014
937,0.021,0.014,14.027
938,0.021,0.013,14.040
939,0.021,0.012,14.052
940,0.021,0.012,14.064
941,0.021,0.014,14.078
942,0.020,0.013,14.092
943,0.020,0.013,14.105
944,0.020,0.012,14.116
945,0.020,0.015,14.131
946,0.020,0.013,14.144
947,0.021,0.012,14.156
948,0.021,0.012,14.168
949,0.021,0.013,14.181
950,0.021,0.014,14.195
951,0.021,0.012,14.207
952,0.021,0.013,14.220
953,0.021,0.014,14.234
954,0.021,0.014,14.249
955,0.020,0.014,14.262
956,0.020,0.017,14.279
957,0.020,0.012,14.292
958,0.020,0.012,14.303
959,0.019,0.012,14.315
960,0.019,0.015,14.330
961,0.019,0.014,14.344
962,0.019,0.015,14.358
963,0.019,0.015,14.374
964,0.019,0.013,14.386
965,0.019,0.013,14.400
966,0.019,0.012,14.412
967,0.019,0.014,14.426
968,0.019,0.012,14.438
969,0.019,0.013,14.452
970,0.019,0.012,14.464
971,0.019,0.018,14.482
972,0.020,0.013,14.495
973,0.020,0.013,14.508
974,0.020,0.012,14.521
975,0.021,0.014,14.534
976,0.021,0.012,14.546
977,0.021,0.013,14.559
978,0.021,0.014,14.573
979,0.020,0.013,14.586
980,0.020,0.013,14.599
981,0.020,0.013,14.612
982,0.020,0.015,14.628
983,0.020,0.013,14.641
984,0.021,0.011,14.652
985,0.020,0.012,14.664
986,0.020,0.015,14.680
987,0.020,0.014,14.693
988,0.021,0.013,14.707
989,0.021,0.015,14.721
990,0.021,0.017,14.738
991,0.020,0.013,14.751
992,0.019,0.013,14.764
993,0.019,0.016,14.780
994,0.019,0.013,14.793
995,0.019,0.012,14.806
996,0.020,0.016,14.822
997,0.019,0.015,14.837
998,0.021,0.012,14.848
999,0.021,0.012,14.860
1000,0.021,0.018,14.878
1001,0.020,0.012,14.890
1002,0.020,0.012,14.902
1003,0.020,0.012,14.914
1004,0.020,0.015,14.929
1005,0.020,0.013,14.942
1006,0.020,0.012,14.954
1007,0.020,0.016,14.970
1008,0.018,0.015,14.985
1009,0.018,0.014,14.999
1010,0.019,0.012,15.011
1011,0.019,0.016,15.027
1012,0.019,0.013,15.040
1013,0.018,0.012,15.052
1014,0.018,0.013,15.065
1015,0.019,0.016,15.081
1016,0.019,0.013,15.094
1017,0.019,0.012,15.106
1018,0.019,0.016,15.123
1019,0.019,0.013,15.136
1020,0.020,0.012,15.147
1021,0.020,0.012,15.160
1022,0.019,0.016,15.176
1023,0.019,0.013,15.188
1024,0.018,0.012,15.200
1025,0.019,0.012,15.212
1026,0.019,0.016,15.227
1027,0.019,0.015,15.242
1028,0.022,0.013,15.255
1029,0.021,0.016,15.271
1030,0.020,0.014,15.285
1031,0.021,0.012,15.297
1032,0.020,0.012,15.309
1033,0.020,0.015,15.324
1034,0.021,0.013,15.337
1035,0.021,0.015,15.352
1036,0.022,0.012,15.363
1037,0.022,0.015,15.379
1038,0.020,0.012,15.391
1039,0.020,0.012,15.403
1040,0.020,0.018,15.422
1041,0.020,0.019,15.441
1042,0.020,0.017,15.458
1043,0.020,0.018,15.476
1044,0.020,0.017,15.493
1045,0.020,0.013,15.506
1046,0.020,0.016,15.521
1047,0.020,0.015,15.537
1048,0.020,0.015,15.552
1049,0.020,0.014,15.565
1050,0.020,0.016,15.582
1051,0.020,0.012,15.594
1052,0.020,0.012,15.606
1053,0.020,0.017,15.623
1054,0.020,0.013,15.635
1055,0.020,0.014,15.649
1056,0.019,0.013,15.661
1057,0.019,0.020,15.681
1058,0.020,0.012,15.693
1059,0.020,0.012,15.706
1060,0.021,0.016,15.721
1061,0.020,0.015,15.736
1062,0.019,0.012,15.748
1063,0.019,0.013,15.761
1064,0.021,0.018,15.779
1065,0.019,0.012,15.791
1066,0.020,0.012,15.803
1067,0.020,0.012,15.815
1068,0.020,0.015,15.830
1069,0.020,0.012,15.841
1070,0.020,0.014,15.856
1071,0.020,0.014,15.870
1072,0.019,0.014,15.884
1073,0.020,0.012,15.896
1074,0.021,0.012,15.907
1075,0.021,0.015,15.922
1076,0.021,0.013,15.935
1077,0.021,0.012,15.948
1078,0.021,0.014,15.962
1079,0.020,0.016,15.977
1080,0.020,0.014,15.991
1081,0.022,0.011,16.003
1082,0.022,0.012,16.014
1083,0.021,0.015,16.029
1084,0.021,0.012,16.041
1085,0.021,0.012,16.053
1086,0.021,0.015,16.069
1087,0.020,0.016,16.085
1088,0.020,0.012,16.097
1089,0.021,0.011,16.108
1090,0.021,0.018,16.126
1091,0.021,0.013,16.139
1092,0.021,0.013,16.152
1093,0.021,0.012,16.164
1094,0.020,0.019,16.183
1095,0.020,0.013,16.196
1096,0.020,0.013,16.209
1097,0.019,0.017,16.226
1098,0.020,0.013,16.239
1099,0.020,0.013,16.252
1100,0.020,0.013,16.266
1101,0.020,0.018,16.284
1102,0.020,0.015,16.299
1103,0.020,0.013,16.312
1104,0.020,0.016,16.328
1105,0.020,0.012,16.339
1106,0.020,0.013,16.353
1107,0.020,0.014,16.366
1108,0.020,0.015,16.382
1109,0.020,0.013,16.395
1110,0.021,0.013,16.408
1111,0.020,0.012,16.420
1112,0.020,0.016,16.436
1113,0.020,0.013,16.449
1114,0.020,0.014,16.463
1115,0.021,0.015,16.478
1116,0.020,0.014,16.492
1117,0.021,0.013,16.506
1118,0.020,0.012,16.518
1119,0.020,0.016,16.533
1120,0.020,0.013,16.547
1121,0.021,0.013,16.559
1122,0.021,0.013,16.572
1123,0.022,0.015,16.587
1124,0.020,0.013,16.600
1125,0.022,0.014,16.614
1126,0.021,0.015,16.629
1127,0.021,0.013,16.642
1128,0.021,0.012,16.654
1129,0.020,0.012,16.665
1130,0.021,0.015,16.680
1131,0.021,0.014,16.694
1132,0.022,0.013,16.707
1133,0.022,0.014,16.721
1134,0.022,0.016,16.737
1135,0.021,0.012,16.749
1136,0.021,0.013,16.762
1137,0.022,0.014,16.776
1138,0.021,0.016,16.791
1139,0.021,0.014,16.805
1140,0.021,0.012,16.817
1141,0.021,0.018,16.835
1142,0.021,0.013,16.848
1143,0.022,0.013,16.860
1144,0.021,0.012,16.873
1145,0.022,0.015,16.888
1146,0.021,0.013,16.902
1147,0.021,0.013,16.914
1148,0.022,0.014,16.928
1149,0.022,0.013,16.942
1150,0.022,0.011,16.953
1151,0.022,0.011,16.964
1152,0.022,0.015,16.979
1153,0.022,0.014,16.993
1154,0.022,0.013,17.006
1155,0.023,0.012,17.018
1156,0.022,0.016,17.034
1157,0.022,0.013,17.047
1158,0.022,0.011,17.058
1159,0.021,0.011,17.069
1160,0.022,0.016,17.085
1161,0.022,0.013,17.098
1162,0.021,0.012,17.110
1163,0.022,0.012,17.122
1164,0.022,0.015,17.137
1165,0.022,0.011,17.148
1166,0.022,0.012,17.159
1167,0.022,0.014,17.173
1168,0.023,0.015,17.188
1169,0.022,0.012,17.200
1170,0.022,0.011,17.212
1171,0.023,0.020,17.231
1172,0.021,0.014,17.245
1173,0.022,0.014,17.258
1174,0.023,0.011,17.270
1175,0.022,0.016,17.285
1176,0.022,0.011,17.297
1177,0.022,0.012,17.309
1178,0.022,0.014,17.323
1179,0.023,0.015,17.338
1180,0.022,0.012,17.350
1181,0.022,0.012,17.362
1182,0.021,0.012,17.374
1183,0.021,0.014,17.388
1184,0.021,0.011,17.399
1185,0.022,0.011,17.411
1186,0.021,0.012,17.423
1187,0.021,0.018,17.441
1188,0.022,0.012,17.453
1189,0.022,0.012,17.465
1190,0.022,0.014,17.479
1191,0.021,0.013,17.493
1192,0.022,0.012,17.505
1193,0.022,0.013,17.517
1194,0.022,0.016,17.533
1195,0.024,0.011,17.544
1196,0.023,0.012,17.556
1197,0.024,0.012,17.568
1198,0.024,0.015,17.583
1199,0.024,0.011,17.594
1200,0.024,0.012,17.606
1201,0.024,0.012,17.618
1202,0.024,0.014,17.632
1203,0.024,0.011,17.643
1204,0.023,0.011,17.654
1205,0.024,0.012,17.665
1206,0.023,0.014,17.680
1207,0.024,0.011,17.691
1208,0.023,0.013,17.704
1209,0.023,0.013,17.716
1210,0.023,0.013,17.730
1211,0.023,0.011,17.741
1212,0.023,0.011,17.752
1213,0.022,0.011,17.763
1214,0.022,0.012,17.774
1215,0.023,0.015,17.789
1216,0.022,0.015,17.804
1217,0.022,0.013,17.817
1218,0.023,0.014,17.831
1219,0.023,0.011,17.841
1220,0.022,0.012,17.853
1221,0.022,0.011,17.864
1222,0.022,0.013,17.877
1223,0.021,0.012,17.889
1224,0.021,0.012,17.901
1225,0.021,0.014,17.915
1226,0.021,0.013,17.928
1227,0.021,0.012,17.939
1228,0.021,0.012,17.951
1229,0.021,0.011,17.962
1230,0.021,0.014,17.977
1231,0.021,0.012,17.988
1232,0.021,0.012,18.001
1233,0.021,0.014,18.014
1234,0.021,0.015,18.030
1235,0.021,0.011,18.041
1236,0.022,0.013,18.054
1237,0.021,0.012,18.066
1238,0.021,0.015,18.081
1239,0.021,0.013,18.093
1240,0.022,0.012,18.105
1241,0.022,0.013,18.118
1242,0.021,0.013,18.132
1243,0.022,0.012,18.144
1244,0.022,0.012,18.156
1245,0.022,0.012,18.168
1246,0.021,0.014,18.182
1247,0.021,0.013,18.195
1248,0.021,0.012,18.208
1249,0.021,0.013,18.221
1250,0.021,0.014,18.234
1251,0.021,0.013,18.248
1252,0.020,0.012,18.259
1253,0.020,0.012,18.271
1254,0.021,0.015,18.286
1255,0.021,0.013,18.299
1256,0.021,0.014,18.313
1257,0.020,0.013,18.326
1258,0.020,0.013,18.339
1259,0.021,0.013,18.352
1260,0.021,0.012,18.364
1261,0.020,0.016,18.380
1262,0.021,0.013,18.393
1263,0.021,0.014,18.407
1264,0.021,0.013,18.420
1265,0.021,0.015,18.435
1266,0.021,0.013,18.447
1267,0.021,0.012,18.459
1268,0.020,0.012,18.471
1269,0.021,0.015,18.486
1270,0.021,0.014,18.500
1271,0.020,0.012,18.512
1272,0.021,0.015,18.527
1273,0.021,0.015,18.542
1274,0.021,0.012,18.554
1275,0.021,0.012,18.566
1276,0.022,0.016,18.582
1277,0.022,0.014,18.596
1278,0.021,0.012,18.608
1279,0.022,0.012,18.620
1280,0.022,0.015,18.635
1281,0.021,0.013,18.648
1282,0.020,0.014,18.661
1283,0.020,0.016,18.677
1284,0.020,0.014,18.691
1285,0.021,0.012,18.703
1286,0.020,0.012,18.715
1287,0.020,0.016,18.731
1288,0.020,0.012,18.743
1289,0.020,0.012,18.755
1290,0.021,0.015,18.770
1291,0.021,0.016,18.787
1292,0.020,0.013,18.800
1293,0.021,0.012,18.812
1294,0.021,0.014,18.826
1295,0.019,0.014,18.840
1296,0.020,0.012,18.852
1297,0.021,0.013,18.865
1298,0.021,0.015,18.879
1299,0.021,0.013,18.892
1300,0.020,0.012,18.904
1301,0.020,0.012,18.916
1302,0.020,0.016,18.932
1303,0.020,0.013,18.945
1304,0.020,0.013,18.958
1305,0.020,0.015,18.974
1306,0.020,0.015,18.989
1307,0.020,0.013,19.001
1308,0.020,0.011,19.013
1309,0.021,0.013,19.026
1310,0.021,0.012,19.039
1311,0.020,0.012,19.051
1312,0.021,0.013,19.064
1313,0.021,0.017,19.080
1314,0.020,0.013,19.093
1315,0.021,0.013,19.106
1316,0.021,0.012,19.118
1317,0.021,0.014,19.132
1318,0.021,0.013,19.145
1319,0.019,0.012,19.157
1320,0.020,0.015,19.172
1321,0.019,0.018,19.190
1322,0.020,0.014,19.204
1323,0.019,0.013,19.217
1324,0.020,0.015,19.232
1325,0.019,0.014,19.246
1326,0.019,0.013,19.260
1327,0.019,0.017,19.276
1328,0.019,0.015,19.291
1329,0.020,0.012,19.303
1330,0.020,0.012,19.315
1331,0.019,0.016,19.332
1332,0.019,0.013,19.345
1333,0.019,0.014,19.358
1334,0.020,0.013,19.371
1335,0.020,0.016,19.387
1336,0.020,0.014,19.401
1337,0.019,0.012,19.413
1338,0.019,0.015,19.427
1339,0.020,0.014,19.441
1340,0.019,0.013,19.453
1341,0.019,0.013,19.466
1342,0.019,0.015,19.481
1343,0.020,0.015,19.496
1344,0.020,0.012,19.508
1345,0.019,0.013,19.521
1346,0.020,0.016,19.537
1347,0.019,0.013,19.549
1348,0.019,0.013,19.563
1349,0.019,0.016,19.579
1350,0.019,0.015,19.594
1351,0.019,0.015,19.609
1352,0.019,0.015,19.624
1353,0.019,0.014,19.638
1354,0.019,0.013,19.651
1355,0.019,0.014,19.665
1356,0.019,0.017,19.681
1357,0.019,0.013,19.695
1358,0.019,0.015,19.710
1359,0.018,0.016,19.726
1360,0.018,0.014,19.739
1361,0.019,0.012,19.752
1362,0.019,0.013,19.764
1363,0.019,0.017,19.782
1364,0.019,0.013,19.794
1365,0.018,0.013,19.807
1366,0.018,0.016,19.823
1367,0.018,0.014,19.838
1368,0.018,0.014,19.852
1369,0.019,0.013,19.865
1370,0.018,0.017,19.881
1371,0.018,0.012,19.894
1372,0.018,0.012,19.906
1373,0.018,0.015,19.921
1374,0.019,0.018,19.939
1375,0.018,0.014,19.952
1376,0.018,0.013,19.965
1377,0.018,0.016,19.981
1378,0.018,0.013,19.994
1379,0.018,0.013,20.007
1380,0.018,0.016,20.023
1381,0.018,0.016,20.039
1382,0.018,0.015,20.053
1383,0.018,0.014,20.067
1384,0.019,0.016,20.083
1385,0.019,0.013,20.097
1386,0.018,0.012,20.109
1387,0.019,0.015,20.124
1388,0.018,0.014,20.138
1389,0.020,0.012,20.150
1390,0.019,0.013,20.163
1391,0.019,0.017,20.180
1392,0.019,0.013,20.193
1393,0.019,0.016,20.209
1394,0.018,0.016,20.225
1395,0.018,0.013,20.238
1396,0.019,0.012,20.251
1397,0.018,0.012,20.263
1398,0.019,0.016,20.279
1399,0.018,0.013,20.292
1400,0.019,0.013,20.304
1401,0.019,0.012,20.317
1402,0.019,0.015,20.332
1403,0.019,0.015,20.347
1404,0.018,0.012,20.358
1405,0.019,0.015,20.373
1406,0.018,0.014,20.387
1407,0.018,0.012,20.399
1408,0.019,0.012,20.411
1409,0.020,0.017,20.427
1410,0.020,0.013,20.441
1411,0.020,0.014,20.455
1412,0.020,0.012,20.467
1413,0.020,0.015,20.482
1414,0.020,0.013,20.495
1415,0.019,0.013,20.509
1416,0.019,0.018,20.526
1417,0.019,0.014,20.540
1418,0.019,0.013,20.553
1419,0.019,0.013,20.566
1420,0.020,0.016,20.583
1421,0.019,0.014,20.596
1422,0.018,0.013,20.609
1423,0.019,0.016,20.625
1424,0.019,0.016,20.640
1425,0.019,0.014,20.655
1426,0.019,0.014,20.668
1427,0.018,0.017,20.685
1428,0.019,0.014,20.699
1429,0.018,0.014,20.713
1430,0.018,0.015,20.727
1431,0.018,0.013,20.741
1432,0.018,0.012,20.753
1433,0.019,0.017,20.770
1434,0.019,0.015,20.785
1435,0.019,0.013,20.798
1436,0.018,0.012,20.810
1437,0.018,0.016,20.826
1438,0.018,0.013,20.838
1439,0.019,0.013,20.852
1440,0.019,0.012,20.864
1441,0.018,0.019,20.883
1442,0.018,0.014,20.897
1443,0.018,0.014,20.911
1444,0.019,0.015,20.926
1445,0.018,0.016,20.942
1446,0.019,0.015,20.957
1447,0.018,0.015,20.973
1448,0.018,0.014,20.986
1449,0.017,0.013,20.999
1450,0.018,0.013,21.012
1451,0.018,0.016,21.028
1452,0.018,0.014,21.042
1453,0.018,0.015,21.057
1454,0.018,0.016,21.073
1455,0.018,0.012,21.085
1456,0.018,0.012,21.097
1457,0.018,0.014,21.111
1458,0.018,0.015,21.127
1459,0.018,0.014,21.140
1460,0.019,0.013,21.153
1461,0.018,0.013,21.166
1462,0.020,0.016,21.182
1463,0.019,0.013,21.195
1464,0.019,0.013,21.208
1465,0.019,0.016,21.224
1466,0.018,0.013,21.238
1467,0.019,0.012,21.249
1468,0.019,0.013,21.262
1469,0.019,0.017,21.279
1470,0.019,0.013,21.291
1471,0.019,0.011,21.303
1472,0.020,0.012,21.315
1473,0.019,0.016,21.331
1474,0.019,0.012,21.344
1475,0.020,0.012,21.356
1476,0.019,0.015,21.371
1477,0.019,0.016,21.387
1478,0.019,0.012,21.399
1479,0.019,0.013,21.412
1480,0.020,0.014,21.426
1481,0.019,0.014,21.439
1482,0.020,0.012,21.451
1483,0.020,0.011,21.463
1484,0.020,0.015,21.477
1485,0.020,0.015,21.492
1486,0.020,0.018,21.510
1487,0.020,0.020,21.529
1488,0.020,0.014,21.544
1489,0.020,0.013,21.557
1490,0.020,0.018,21.575
1491,0.019,0.016,21.590
1492,0.020,0.015,21.605
1493,0.019,0.017,21.622
1494,0.020,0.018,21.640
1495,0.020,0.014,21.654
1496,0.020,0.016,21.669
1497,0.020,0.016,21.686
1498,0.020,0.017,21.702
1499,0.020,0.018,21.720
1500,0.019,0.017,21.737
1501,0.020,0.013,21.751
1502,0.019,0.017,21.768
1503,0.020,0.016,21.784
1504,0.020,0.012,21.796
1505,0.020,0.012,21.808
1506,0.019,0.015,21.823
1507,0.020,0.013,21.836
1508,0.020,0.012,21.848
1509,0.020,0.013,21.861
1510,0.020,0.015,21.877
1511,0.020,0.013,21.890
1512,0.020,0.013,21.902
1513,0.021,0.012,21.914
1514,0.021,0.016,21.930
1515,0.021,0.013,21.942
1516,0.022,0.012,21.954
1517,0.022,0.015,21.969
1518,0.022,0.014,21.983
1519,0.021,0.013,21.996
1520,0.021,0.011,22.007
1521,0.022,0.014,22.022
1522,0.021,0.012,22.034
1523,0.022,0.012,22.045
1524,0.021,0.011,22.057
1525,0.021,0.016,22.072
1526,0.021,0.013,22.085
1527,0.020,0.011,22.097
1528,0.021,0.012,22.108
1529,0.021,0.013,22.122
1530,0.021,0.014,22.135
1531,0.021,0.012,22.147
1532,0.020,0.011,22.159
1533,0.020,0.016,22.174
1534,0.020,0.013,22.187
1535,0.020,0.012,22.198
1536,0.020,0.011,22.210
1537,0.021,0.015,22.225
1538,0.020,0.013,22.238
1539,0.020,0.013,22.251
1540,0.021,0.019,22.270
1541,0.020,0.014,22.283
1542,0.020,0.012,22.295
1543,0.020,0.011,22.306
1544,0.020,0.014,22.320
1545,0.020,0.013,22.333
1546,0.020,0.012,22.345
1547,0.020,0.013,22.358
1548,0.020,0.013,22.371
1549,0.021,0.012,22.384
1550,0.021,0.013,22.397
1551,0.022,0.012,22.409
1552,0.021,0.015,22.424
1553,0.021,0.014,22.438
1554,0.021,0.013,22.451
1555,0.021,0.013,22.464
1556,0.022,0.016,22.480
1557,0.021,0.011,22.492
1558,0.021,0.013,22.504
1559,0.021,0.011,22.515
1560,0.021,0.018,22.534
1561,0.021,0.013,22.546
1562,0.021,0.012,22.558
1563,0.021,0.016,22.574
1564,0.021,0.013,22.587
1565,0.021,0.011,22.598
1566,0.021,0.012,22.609
1567,0.021,0.015,22.624
1568,0.020,0.013,22.637
1569,0.021,0.013,22.651
1570,0.021,0.014,22.664
1571,0.021,0.018,22.682
1572,0.021,0.012,22.694
1573,0.022,0.012,22.706
1574,0.022,0.013,22.719
1575,0.022,0.013,22.732
1576,0.022,0.014,22.746
1577,0.022,0.011,22.757
1578,0.022,0.016,22.773
1579,0.022,0.013,22.786
1580,0.022,0.013,22.799
1581,0.022,0.011,22.810
1582,0.021,0.016,22.827
1583,0.022,0.011,22.838
1584,0.022,0.013,22.851
1585,0.022,0.012,22.863
1586,0.023,0.015,22.878
1587,0.023,0.011,22.890
1588,0.023,0.013,22.902
1589,0.023,0.016,22.919
1590,0.022,0.014,22.933
1591,0.022,0.012,22.944
1592,0.021,0.012,22.956
1593,0.021,0.015,22.971
1594,0.021,0.013,22.984
1595,0.022,0.011,22.995
1596,0.021,0.013,23.008
1597,0.022,0.015,23.022
1598,0.022,0.014,23.036
1599,0.022,0.012,23.048
1600,0.021,0.011,23.059
1601,0.021,0.015,23.074
1602,0.021,0.012,23.085
1603,0.020,0.012,23.097
1604,0.021,0.012,23.109
1605,0.021,0.015,23.124
1606,0.021,0.011,23.135
1607,0.021,0.012,23.148
1608,0.021,0.013,23.161
1609,0.021,0.014,23.175
1610,0.021,0.012,23.187
1611,0.021,0.012,23.200
1612,0.021,0.012,23.211
1613,0.020,0.015,23.227
1614,0.021,0.011,23.238
1615,0.020,0.012,23.250
1616,0.020,0.013,23.263
1617,0.020,0.015,23.279
1618,0.020,0.011,23.290
1619,0.021,0.014,23.304
1620,0.020,0.017,23.321
1621,0.019,0.012,23.333
1622,0.020,0.013,23.346
1623,0.020,0.012,23.358
1624,0.020,0.016,23.374
1625,0.020,0.013,23.387
1626,0.021,0.011,23.399
1627,0.022,0.015,23.414
1628,0.021,0.017,23.431
1629,0.021,0.012,23.443
1630,0.021,0.012,23.455
1631,0.021,0.015,23.470
1632,0.021,0.012,23.481
1633,0.022,0.013,23.495
1634,0.021,0.015,23.510
1635,0.021,0.014,23.524
1636,0.022,0.012,23.537
1637,0.022,0.011,23.548
1638,0.021,0.013,23.561
1639,0.022,0.014,23.575
1640,0.022,0.013,23.587
1641,0.022,0.012,23.599
1642,0.021,0.015,23.615
1643,0.022,0.014,23.629
1644,0.021,0.013,23.642
1645,0.021,0.012,23.654
1646,0.021,0.016,23.670
1647,0.021,0.012,23.682
1648,0.021,0.012,23.694
1649,0.021,0.012,23.706
1650,0.021,0.014,23.720
1651,0.022,0.015,23.735
1652,0.022,0.012,23.747
1653,0.022,0.013,23.759
1654,0.021,0.015,23.774
1655,0.022,0.013,23.787
1656,0.022,0.014,23.801
1657,0.022,0.016,23.817
1658,0.022,0.012,23.829
1659,0.022,0.013,23.842
1660,0.022,0.012,23.855
1661,0.022,0.015,23.870
1662,0.022,0.011,23.881
1663,0.023,0.012,23.893
1664,0.023,0.013,23.906
1665,0.022,0.016,23.921
1666,0.022,0.013,23.934
1667,0.022,0.013,23.947
1668,0.022,0.015,23.962
1669,0.022,0.013,23.975
1670,0.022,0.013,23.987
1671,0.022,0.012,24.000
1672,0.021,0.018,24.018
1673,0.021,0.012,24.030
1674,0.020,0.012,24.042
1675,0.020,0.013,24.055
1676,0.020,0.015,24.070
1677,0.020,0.013,24.083
1678,0.021,0.011,24.094
1679,0.020,0.012,24.107
1680,0.020,0.016,24.122
1681,0.020,0.012,24.134
1682,0.021,0.011,24.145
1683,0.020,0.015,24.160
1684,0.020,0.015,24.175
1685,0.021,0.012,24.187
1686,0.021,0.012,24.199
1687,0.022,0.014,24.213
1688,0.022,0.012,24.225
1689,0.022,0.012,24.238
1690,0.023,0.012,24.250
1691,0.023,0.017,24.266
1692,0.023,0.012,24.278
1693,0.023,0.012,24.291
1694,0.021,0.012,24.302
1695,0.020,0.014,24.317
1696,0.020,0.012,24.328
1697,0.020,0.012,24.341
1698,0.020,0.013,24.354
1699,0.020,0.015,24.369
1700,0.020,0.013,24.382
1701,0.021,0.011,24.393
1702,0.020,0.012,24.406
1703,0.020,0.015,24.420
1704,0.021,0.013,24.433
1705,0.021,0.013,24.446
1706,0.021,0.012,24.458
1707,0.021,0.015,24.473
1708,0.021,0.015,24.488
1709,0.020,0.012,24.500
1710,0.022,0.016,24.515
1711,0.022,0.014,24.529
1712,0.022,0.012,24.540
1713,0.022,0.014,24.555
1714,0.022,0.015,24.569
1715,0.023,0.012,24.582
1716,0.022,0.012,24.593
1717,0.022,0.012,24.605
1718,0.022,0.016,24.621
1719,0.021,0.013,24.634
1720,0.021,0.013,24.647
1721,0.021,0.016,24.664
1722,0.021,0.015,24.679
1723,0.021,0.012,24.691
1724,0.021,0.011,24.702
1725,0.021,0.015,24.717
1726,0.021,0.012,24.730
1727,0.020,0.013,24.742
1728,0.020,0.011,24.754
1729,0.021,0.016,24.770
1730,0.022,0.012,24.782
1731,0.021,0.013,24.795
1732,0.020,0.012,24.807
1733,0.020,0.015,24.821
1734,0.020,0.013,24.834
1735,0.021,0.011,24.845
1736,0.021,0.011,24.857
1737,0.022,0.017,24.873
1738,0.021,0.012,24.886
1739,0.022,0.012,24.897
1740,0.021,0.016,24.913
1741,0.022,0.015,24.928
1742,0.022,0.012,24.939
1743,0.022,0.012,24.951
1744,0.022,0.013,24.964
1745,0.023,0.013,24.977
1746,0.022,0.011,24.989
1747,0.022,0.014,25.003
1748,0.022,0.015,25.018
1749,0.022,0.014,25.032
1750,0.022,0.012,25.044
1751,0.022,0.011,25.055
1752,0.022,0.015,25.070
1753,0.022,0.012,25.082
1754,0.022,0.014,25.095
1755,0.023,0.013,25.108
1756,0.023,0.014,25.123
1757,0.022,0.011,25.134
1758,0.023,0.011,25.145
1759,0.023,0.011,25.156
1760,0.023,0.017,25.174
1761,0.023,0.011,25.185
1762,0.022,0.012,25.197
1763,0.022,0.012,25.209
1764,0.023,0.016,25.225
1765,0.023,0.011,25.236
1766,0.023,0.012,25.248
1767,0.023,0.014,25.262
1768,0.023,0.015,25.276
1769,0.022,0.011,25.287
1770,0.024,0.012,25.299
1771,0.024,0.012,25.310
1772,0.024,0.015,25.326
1773,0.023,0.011,25.337
1774,0.023,0.011,25.348
1775,0.023,0.014,25.362
1776,0.024,0.016,25.378
1777,0.023,0.011,25.389
1778,0.022,0.011,25.400
1779,0.022,0.011,25.411
1780,0.023,0.016,25.427
1781,0.023,0.012,25.439
1782,0.024,0.011,25.450
1783,0.024,0.016,25.466
1784,0.024,0.016,25.482
1785,0.024,0.012,25.494
1786,0.024,0.011,25.505
1787,0.023,0.013,25.518
1788,0.022,0.012,25.530
1789,0.022,0.011,25.541
1790,0.023,0.012,25.553
1791,0.023,0.013,25.566
1792,0.023,0.012,25.578
1793,0.023,0.013,25.592
1794,0.023,0.012,25.604
1795,0.023,0.015,25.619
1796,0.024,0.011,25.631
1797,0.022,0.012,25.643
1798,0.022,0.012,25.654
1799,0.022,0.016,25.670
1800,0.022,0.012,25.682
1801,0.021,0.012,25.694
1802,0.022,0.012,25.706
1803,0.021,0.018,25.724
1804,0.022,0.012,25.736
1805,0.022,0.012,25.748
1806,0.022,0.011,25.759
1807,0.022,0.014,25.773
1808,0.021,0.013,25.786
1809,0.021,0.012,25.799
