1,0.002,0.030,0.030
2,0.002,0.025,0.054
3,0.003,0.027,0.081
4,0.003,0.027,0.108
5,0.003,0.025,0.133
6,0.003,0.023,0.157
7,0.003,0.025,0.182
8,0.004,0.025,0.206
9,0.004,0.029,0.235
10,0.004,0.028,0.263
11,0.004,0.023,0.286
12,0.004,0.024,0.309
13,0.004,0.026,0.335
14,0.005,0.020,0.356
15,0.005,0.023,0.379
16,0.005,0.023,0.402
17,0.005,0.025,0.427
18,0.005,0.021,0.448
19,0.005,0.025,0.473
20,0.005,0.021,0.493
21,0.005,0.027,0.521
22,0.005,0.020,0.541
23,0.005,0.024,0.564
24,0.006,0.021,0.585
25,0.006,0.020,0.605
26,0.006,0.022,0.627
27,0.006,0.021,0.648
28,0.006,0.024,0.672
29,0.006,0.018,0.691
30,0.006,0.019,0.710
31,0.006,0.024,0.734
32,0.006,0.020,0.754
33,0.006,0.021,0.775
34,0.006,0.020,0.795
35,0.006,0.022,0.818
36,0.007,0.023,0.840
37,0.007,0.019,0.859
38,0.006,0.022,0.881
39,0.007,0.019,0.900
40,0.007,0.022,0.922
41,0.007,0.018,0.940
42,0.007,0.017,0.958
43,0.007,0.022,0.979
44,0.007,0.022,1.001
45,0.007,0.024,1.025
46,0.007,0.018,1.043
47,0.007,0.021,1.064
48,0.007,0.022,1.086
49,0.007,0.018,1.104
50,0.007,0.026,1.130
51,0.008,0.018,1.148
52,0.007,0.020,1.168
53,0.008,0.022,1.190
54,0.008,0.018,1.208
55,0.008,0.022,1.229
56,0.008,0.016,1.246
57,0.008,0.017,1.262
58,0.008,0.021,1.283
59,0.008,0.017,1.300
60,0.008,0.022,1.322
61,0.008,0.020,1.342
62,0.008,0.017,1.358
63,0.008,0.022,1.380
64,0.008,0.018,1.398
65,0.009,0.020,1.418
66,0.009,0.018,1.437
67,0.009,0.017,1.454
68,0.009,0.021,1.475
69,0.009,0.021,1.496
70,0.009,0.021,1.516
71,0.009,0.023,1.540
72,0.009,0.020,1.559
73,0.009,0.036,1.595
74,0.009,0.039,1.635
75,0.009,0.018,1.652
76,0.009,0.025,1.677
77,0.009,0.019,1.696
78,0.009,0.017,1.712
79,0.009,0.021,1.734
80,0.009,0.017,1.751
81,0.009,0.021,1.772
82,0.009,0.019,1.790
83,0.009,0.018,1.809
84,0.009,0.022,1.830
85,0.009,0.018,1.848
86,0.009,0.018,1.866
87,0.009,0.020,1.886
88,0.009,0.016,1.902
89,0.010,0.019,1.921
90,0.010,0.018,1.939
91,0.010,0.020,1.959
92,0.010,0.022,1.981
93,0.010,0.024,2.005
94,0.010,0.021,2.026
95,0.010,0.018,2.044
96,0.010,0.017,2.061
97,0.010,0.019,2.080
98,0.010,0.018,2.098
99,0.010,0.017,2.115
100,0.010,0.022,2.137
101,0.010,0.017,2.154
102,0.010,0.020,2.175
103,0.010,0.017,2.192
104,0.010,0.016,2.208
105,0.011,0.023,2.231
106,0.011,0.020,2.252
107,0.011,0.023,2.275
108,0.010,0.020,2.295
109,0.010,0.017,2.311
110,0.011,0.020,2.331
111,0.011,0.018,2.349
112,0.010,0.018,2.368
113,0.011,0.019,2.386
114,0.011,0.016,2.402
115,0.011,0.015,2.418
116,0.010,0.022,2.440
117,0.011,0.018,2.457
118,0.011,0.017,2.474
119,0.010,0.023,2.497
120,0.011,0.016,2.513
121,0.011,0.019,2.532
122,0.011,0.017,2.549
123,0.010,0.017,2.566
124,0.011,0.019,2.585
125,0.011,0.017,2.601
126,0.011,0.017,2.618
127,0.011,0.023,2.641
128,0.010,0.016,2.657
129,0.010,0.018,2.675
130,0.010,0.019,2.693
131,0.011,0.016,2.709
132,0.010,0.016,2.726
133,0.011,0.021,2.747
134,0.010,0.017,2.764
135,0.011,0.020,2.784
136,0.011,0.017,2.801
137,0.011,0.019,2.820
138,0.011,0.020,2.840
139,0.011,0.018,2.858
140,0.011,0.021,2.879
141,0.011,0.018,2.898
142,0.011,0.018,2.916
143,0.012,0.021,2.937
144,0.012,0.016,2.953
145,0.012,0.015,2.967
146,0.012,0.020,2.987
147,0.012,0.016,3.003
148,0.012,0.015,3.018
149,0.011,0.019,3.037
150,0.013,0.015,3.052
151,0.012,0.015,3.067
152,0.013,0.020,3.087
153,0.012,0.017,3.104
154,0.012,0.018,3.121
155,0.012,0.019,3.140
156,0.012,0.016,3.156
157,0.013,0.016,3.172
158,0.012,0.022,3.194
159,0.012,0.016,3.211
160,0.012,0.017,3.228
161,0.013,0.019,3.247
162,0.013,0.017,3.263
163,0.012,0.015,3.278
164,0.013,0.017,3.296
165,0.013,0.015,3.310
166,0.012,0.016,3.326
167,0.014,0.020,3.346
168,0.013,0.016,3.362
169,0.013,0.015,3.377
170,0.013,0.020,3.397
171,0.013,0.016,3.413
172,0.013,0.018,3.431
173,0.013,0.017,3.448
174,0.014,0.020,3.468
175,0.013,0.017,3.485
176,0.013,0.018,3.503
177,0.013,0.015,3.518
178,0.013,0.021,3.538
179,0.014,0.017,3.556
180,0.014,0.016,3.572
181,0.014,0.022,3.594
182,0.014,0.017,3.611
183,0.014,0.020,3.631
184,0.015,0.017,3.648
185,0.014,0.020,3.667
186,0.014,0.024,3.691
187,0.014,0.017,3.709
188,0.014,0.019,3.728
189,0.015,0.023,3.751
190,0.014,0.017,3.768
191,0.014,0.022,3.790
192,0.014,0.019,3.809
193,0.014,0.021,3.830
194,0.014,0.024,3.855
195,0.014,0.022,3.877
196,0.014,0.023,3.900
197,0.014,0.017,3.917
198,0.014,0.023,3.941
199,0.015,0.017,3.958
200,0.015,0.017,3.975
201,0.014,0.027,4.002
202,0.014,0.015,4.017
203,0.015,0.016,4.033
204,0.015,0.015,4.049
205,0.014,0.016,4.064
206,0.015,0.016,4.080
207,0.016,0.018,4.098
208,0.015,0.015,4.113
209,0.015,0.014,4.127
210,0.015,0.018,4.145
211,0.015,0.015,4.160
212,0.015,0.016,4.176
213,0.015,0.020,4.196
214,0.015,0.013,4.209
215,0.015,0.015,4.224
216,0.015,0.019,4.243
217,0.016,0.015,4.258
218,0.016,0.014,4.271
219,0.015,0.017,4.289
220,0.015,0.016,4.304
221,0.016,0.014,4.318
222,0.016,0.018,4.336
223,0.016,0.016,4.351
224,0.016,0.014,4.365
225,0.016,0.018,4.383
226,0.016,0.018,4.401
227,0.016,0.015,4.416
228,0.017,0.017,4.432
229,0.017,0.024,4.457
230,0.015,0.014,4.471
231,0.016,0.020,4.491
232,0.016,0.016,4.507
233,0.016,0.014,4.521
234,0.016,0.019,4.540
235,0.016,0.017,4.557
236,0.016,0.014,4.571
237,0.017,0.015,4.586
238,0.016,0.018,4.604
239,0.015,0.014,4.618
240,0.016,0.015,4.633
241,0.016,0.016,4.649
242,0.016,0.019,4.667
243,0.016,0.018,4.685
244,0.016,0.018,4.703
245,0.016,0.014,4.718
246,0.016,0.018,4.736
247,0.017,0.014,4.750
248,0.016,0.014,4.764
249,0.016,0.018,4.782
250,0.016,0.016,4.798
251,0.016,0.014,4.812
252,0.016,0.014,4.826
253,0.016,0.017,4.843
254,0.016,0.013,4.856
255,0.016,0.015,4.871
256,0.016,0.018,4.889
257,0.015,0.014,4.903
258,0.016,0.014,4.917
259,0.016,0.016,4.933
260,0.016,0.015,4.948
261,0.016,0.013,4.962
262,0.016,0.016,4.977
263,0.016,0.019,4.997
264,0.016,0.014,5.011
265,0.016,0.015,5.026
266,0.016,0.017,5.043
267,0.016,0.013,5.056
268,0.017,0.014,5.070
269,0.017,0.021,5.091
270,0.015,0.013,5.104
271,0.016,0.013,5.117
272,0.016,0.016,5.133
273,0.016,0.015,5.148
274,0.015,0.016,5.164
275,0.015,0.014,5.178
276,0.015,0.018,5.196
277,0.015,0.013,5.209
278,0.016,0.013,5.223
279,0.016,0.018,5.240
280,0.016,0.015,5.256
281,0.015,0.013,5.269
282,0.016,0.018,5.286
283,0.016,0.017,5.303
284,0.015,0.014,5.317
285,0.016,0.018,5.335
286,0.016,0.016,5.351
287,0.016,0.017,5.368
288,0.016,0.022,5.390
289,0.016,0.018,5.408
290,0.016,0.017,5.425
291,0.016,0.023,5.448
292,0.017,0.018,5.466
293,0.018,0.025,5.491
294,0.017,0.016,5.508
295,0.017,0.015,5.523
296,0.017,0.019,5.542
297,0.017,0.014,5.556
298,0.017,0.013,5.570
299,0.017,0.017,5.587
300,0.018,0.015,5.602
301,0.018,0.014,5.616
302,0.018,0.013,5.629
303,0.019,0.017,5.646
304,0.018,0.013,5.659
305,0.017,0.013,5.673
306,0.018,0.016,5.689
307,0.018,0.012,5.701
308,0.018,0.015,5.716
309,0.019,0.013,5.730
310,0.019,0.016,5.746
311,0.018,0.013,5.759
312,0.018,0.012,5.771
313,0.018,0.015,5.786
314,0.018,0.014,5.800
315,0.018,0.014,5.814
316,0.018,0.014,5.828
317,0.018,0.016,5.844
318,0.018,0.014,5.858
319,0.018,0.015,5.874
320,0.020,0.022,5.896
321,0.019,0.018,5.914
322,0.019,0.017,5.931
323,0.020,0.025,5.956
324,0.019,0.017,5.973
325,0.020,0.022,5.996
326,0.021,0.017,6.013
327,0.020,0.014,6.027
328,0.021,0.017,6.043
329,0.021,0.013,6.057
330,0.020,0.012,6.069
331,0.019,0.014,6.083
332,0.019,0.018,6.101
333,0.020,0.013,6.113
334,0.019,0.013,6.127
335,0.020,0.014,6.141
336,0.020,0.015,6.155
337,0.020,0.012,6.167
338,0.019,0.012,6.180
339,0.019,0.015,6.195
340,0.020,0.014,6.209
341,0.019,0.013,6.222
342,0.019,0.014,6.236
343,0.019,0.016,6.252
344,0.019,0.013,6.265
345,0.019,0.013,6.278
346,0.018,0.017,6.295
347,0.018,0.014,6.309
348,0.019,0.012,6.321
349,0.019,0.012,6.334
350,0.019,0.017,6.351
351,0.018,0.013,6.363
352,0.018,0.012,6.376
353,0.018,0.014,6.390
354,0.018,0.016,6.406
355,0.018,0.012,6.418
356,0.019,0.012,6.430
357,0.018,0.015,6.445
358,0.018,0.013,6.459
359,0.019,0.013,6.471
360,0.018,0.015,6.486
361,0.019,0.018,6.504
362,0.019,0.013,6.518
363,0.018,0.015,6.533
364,0.019,0.016,6.549
365,0.018,0.012,6.561
366,0.018,0.013,6.573
367,0.019,0.012,6.585
368,0.018,0.015,6.600
369,0.018,0.013,6.613
370,0.018,0.014,6.627
371,0.018,0.016,6.643
372,0.018,0.014,6.657
373,0.018,0.013,6.670
374,0.018,0.012,6.682
375,0.018,0.022,6.704
376,0.018,0.019,6.723
377,0.017,0.025,6.748
378,0.019,0.019,6.767
379,0.017,0.015,6.782
380,0.018,0.020,6.802
381,0.018,0.015,6.816
382,0.018,0.014,6.830
383,0.017,0.020,6.851
384,0.017,0.016,6.867
385,0.018,0.015,6.882
386,0.018,0.018,6.900
387,0.017,0.015,6.915
388,0.017,0.017,6.932
389,0.017,0.018,6.950
390,0.017,0.014,6.964
391,0.018,0.013,6.977
392,0.018,0.016,6.993
393,0.017,0.014,7.008
394,0.018,0.013,7.021
395,0.018,0.014,7.035
396,0.018,0.017,7.052
397,0.017,0.014,7.066
398,0.017,0.013,7.079
399,0.018,0.017,7.096
400,0.018,0.013,7.109
401,0.018,0.013,7.123
402,0.018,0.013,7.136
403,0.018,0.019,7.155
404,0.018,0.013,7.167
405,0.019,0.012,7.180
406,0.019,0.014,7.194
407,0.018,0.013,7.207
408,0.019,0.013,7.220
409,0.019,0.014,7.234
410,0.019,0.015,7.250
411,0.019,0.015,7.264
412,0.018,0.012,7.276
413,0.019,0.012,7.288
414,0.019,0.015,7.303
415,0.019,0.014,7.317
416,0.019,0.013,7.330
417,0.018,0.015,7.346
418,0.020,0.013,7.359
419,0.018,0.016,7.375
420,0.018,0.013,7.388
421,0.018,0.015,7.403
422,0.018,0.014,7.417
423,0.019,0.014,7.432
424,0.019,0.015,7.447
425,0.019,0.012,7.459
426,0.020,0.013,7.472
427,0.019,0.014,7.486
428,0.019,0.015,7.501
429,0.018,0.014,7.515
430,0.019,0.014,7.529
431,0.019,0.020,7.549
432,0.019,0.017,7.567
433,0.020,0.017,7.584
434,0.020,0.026,7.610
435,0.020,0.015,7.626
436,0.019,0.021,7.647
437,0.019,0.016,7.663
438,0.018,0.015,7.678
439,0.018,0.017,7.696
440,0.018,0.016,7.711
441,0.019,0.018,7.729
442,0.018,0.019,7.749
443,0.018,0.016,7.765
444,0.018,0.014,7.778
445,0.019,0.016,7.794
446,0.019,0.015,7.809
447,0.019,0.013,7.822
448,0.018,0.013,7.836
449,0.018,0.019,7.855
450,0.017,0.013,7.868
451,0.017,0.013,7.881
452,0.018,0.016,7.897
453,0.018,0.014,7.911
454,0.017,0.012,7.923
455,0.017,0.014,7.936
456,0.018,0.016,7.953
457,0.017,0.013,7.966
458,0.018,0.014,7.979
459,0.018,0.015,7.994
460,0.017,0.014,8.008
461,0.017,0.015,8.024
462,0.017,0.013,8.037
463,0.017,0.016,8.053
464,0.017,0.014,8.067
465,0.017,0.015,8.082
466,0.018,0.018,8.099
467,0.017,0.014,8.113
468,0.016,0.013,8.126
469,0.016,0.016,8.142
470,0.017,0.017,8.159
471,0.017,0.013,8.172
472,0.017,0.013,8.185
473,0.017,0.016,8.201
474,0.016,0.016,8.217
475,0.017,0.013,8.230
476,0.016,0.017,8.247
477,0.017,0.014,8.261
478,0.016,0.014,8.275
479,0.016,0.016,8.291
480,0.017,0.017,8.308
481,0.016,0.012,8.320
482,0.017,0.014,8.334
483,0.016,0.016,8.350
484,0.016,0.013,8.364
485,0.016,0.015,8.379
486,0.017,0.017,8.395
487,0.017,0.016,8.411
488,0.017,0.014,8.425
489,0.017,0.015,8.439
490,0.016,0.018,8.458
491,0.017,0.017,8.475
492,0.017,0.019,8.494
493,0.017,0.025,8.518
494,0.017,0.015,8.534
495,0.017,0.018,8.551
496,0.017,0.019,8.571
497,0.017,0.012,8.583
498,0.018,0.021,8.604
499,0.017,0.013,8.618
500,0.018,0.014,8.632
501,0.016,0.016,8.648
502,0.017,0.019,8.667
503,0.016,0.014,8.681
504,0.017,0.016,8.697
505,0.018,0.015,8.712
506,0.017,0.014,8.727
507,0.017,0.016,8.742
508,0.017,0.016,8.758
509,0.017,0.013,8.772
510,0.017,0.014,8.785
511,0.017,0.019,8.804
512,0.017,0.013,8.817
513,0.018,0.013,8.830
514,0.017,0.017,8.846
515,0.017,0.014,8.861
516,0.017,0.013,8.874
517,0.017,0.015,8.889
518,0.016,0.017,8.906
519,0.016,0.017,8.922
520,0.017,0.016,8.938
521,0.016,0.016,8.954
522,0.016,0.013,8.967
523,0.017,0.013,8.980
524,0.017,0.015,8.995
525,0.016,0.015,9.010
526,0.016,0.013,9.023
527,0.018,0.016,9.039
528,0.018,0.017,9.055
529,0.018,0.012,9.068
530,0.017,0.013,9.080
531,0.017,0.016,9.096
532,0.016,0.015,9.111
533,0.017,0.013,9.124
534,0.017,0.015,9.138
535,0.018,0.016,9.155
536,0.017,0.013,9.168
537,0.017,0.013,9.180
538,0.017,0.017,9.197
539,0.017,0.014,9.211
540,0.017,0.013,9.224
541,0.017,0.013,9.237
542,0.017,0.016,9.253
543,0.017,0.013,9.267
544,0.017,0.014,9.280
545,0.017,0.015,9.296
546,0.016,0.015,9.311
547,0.017,0.014,9.325
548,0.017,0.015,9.340
549,0.017,0.016,9.356
550,0.018,0.014,9.370
551,0.017,0.015,9.385
552,0.017,0.020,9.405
553,0.018,0.013,9.418
554,0.017,0.013,9.431
555,0.018,0.015,9.446
556,0.018,0.014,9.460
557,0.018,0.015,9.475
558,0.017,0.015,9.489
559,0.018,0.017,9.507
560,0.018,0.014,9.521
561,0.018,0.013,9.533
562,0.018,0.014,9.547
563,0.017,0.014,9.561
564,0.017,0.013,9.574
565,0.018,0.013,9.587
566,0.018,0.016,9.602
567,0.018,0.016,9.618
568,0.017,0.013,9.631
569,0.017,0.013,9.644
570,0.017,0.020,9.664
571,0.017,0.013,9.677
572,0.017,0.013,9.690
573,0.018,0.016,9.706
574,0.018,0.014,9.720
575,0.018,0.013,9.733
576,0.018,0.019,9.752
577,0.018,0.015,9.767
578,0.018,0.015,9.782
579,0.018,0.016,9.798
580,0.019,0.014,9.812
581,0.019,0.013,9.826
582,0.019,0.013,9.838
583,0.018,0.016,9.855
584,0.018,0.015,9.869
585,0.019,0.013,9.883
586,0.018,0.018,9.900
587,0.019,0.014,9.914
588,0.018,0.013,9.927
589,0.019,0.012,9.939
590,0.019,0.015,9.954
591,0.018,0.015,9.969
592,0.019,0.013,9.982
593,0.018,0.015,9.997
594,0.019,0.013,10.010
595,0.019,0.013,10.023
596,0.018,0.013,10.037
597,0.018,0.015,10.051
598,0.018,0.014,10.066
599,0.018,0.014,10.080
600,0.018,0.013,10.092
601,0.019,0.015,10.107
602,0.019,0.014,10.121
603,0.020,0.014,10.135
604,0.020,0.018,10.153
605,0.020,0.014,10.167
606,0.020,0.012,10.179
607,0.020,0.013,10.192
608,0.019,0.015,10.207
609,0.020,0.013,10.220
610,0.019,0.014,10.233
611,0.021,0.016,10.249
612,0.019,0.014,10.263
613,0.019,0.013,10.276
614,0.019,0.014,10.290
615,0.019,0.015,10.305
616,0.020,0.014,10.319
617,0.018,0.013,10.332
618,0.019,0.017,10.349
619,0.018,0.014,10.363
620,0.019,0.013,10.376
621,0.018,0.013,10.389
622,0.018,0.017,10.406
623,0.018,0.014,10.420
624,0.019,0.012,10.432
625,0.019,0.016,10.448
626,0.018,0.016,10.464
627,0.019,0.015,10.478
628,0.019,0.012,10.490
629,0.019,0.015,10.505
630,0.019,0.013,10.518
631,0.020,0.014,10.532
632,0.020,0.014,10.546
633,0.020,0.016,10.562
634,0.020,0.012,10.574
635,0.022,0.013,10.587
636,0.020,0.015,10.603
637,0.020,0.014,10.616
638,0.020,0.013,10.629
639,0.020,0.012,10.641
640,0.019,0.019,10.661
641,0.020,0.018,10.679
642,0.019,0.013,10.691
643,0.019,0.016,10.707
644,0.019,0.014,10.721
645,0.019,0.012,10.733
646,0.019,0.015,10.748
647,0.019,0.015,10.763
648,0.019,0.013,10.776
649,0.018,0.014,10.790
650,0.019,0.017,10.806
651,0.020,0.014,10.820
652,0.020,0.013,10.834
653,0.020,0.014,10.848
654,0.019,0.014,10.862
655,0.018,0.013,10.875
656,0.018,0.013,10.887
657,0.020,0.018,10.905
658,0.020,0.013,10.918
659,0.019,0.013,10.931
660,0.019,0.014,10.945
661,0.020,0.017,10.962
662,0.020,0.014,10.976
663,0.020,0.012,10.989
664,0.019,0.016,11.005
665,0.019,0.015,11.019
666,0.019,0.012,11.031
667,0.019,0.012,11.044
668,0.020,0.016,11.060
669,0.020,0.012,11.072
670,0.020,0.013,11.086
671,0.020,0.017,11.103
672,0.019,0.015,11.118
673,0.020,0.015,11.133
674,0.019,0.017,11.150
675,0.019,0.016,11.166
676,0.019,0.013,11.179
677,0.019,0.013,11.192
678,0.020,0.017,11.209
679,0.019,0.016,11.225
680,0.019,0.012,11.237
681,0.020,0.019,11.256
682,0.019,0.014,11.270
683,0.019,0.012,11.283
684,0.019,0.013,11.296
685,0.019,0.017,11.313
686,0.019,0.014,11.327
687,0.018,0.013,11.339
688,0.018,0.015,11.354
689,0.018,0.017,11.371
690,0.018,0.013,11.384
691,0.019,0.016,11.400
692,0.019,0.016,11.416
693,0.019,0.012,11.428
694,0.018,0.013,11.441
695,0.019,0.016,11.457
696,0.018,0.012,11.469
697,0.018,0.015,11.484
698,0.019,0.015,11.499
699,0.018,0.015,11.514
700,0.019,0.013,11.527
701,0.019,0.013,11.540
702,0.020,0.016,11.556
703,0.020,0.012,11.568
704,0.019,0.015,11.583
705,0.020,0.015,11.598
706,0.020,0.014,11.612
707,0.020,0.012,11.624
708,0.020,0.013,11.637
709,0.020,0.015,11.652
710,0.019,0.013,11.665
711,0.020,0.013,11.679
712,0.020,0.014,11.692
713,0.019,0.018,11.710
714,0.020,0.014,11.724
715,0.020,0.014,11.738
716,0.020,0.016,11.754
717,0.020,0.013,11.767
718,0.020,0.013,11.780
719,0.020,0.014,11.794
720,0.019,0.016,11.810
721,0.019,0.013,11.823
722,0.019,0.015,11.839
723,0.019,0.016,11.855
724,0.019,0.013,11.868
725,0.019,0.012,11.880
726,0.018,0.015,11.895
727,0.018,0.016,11.911
728,0.018,0.014,11.925
729,0.018,0.013,11.938
730,0.018,0.015,11.953
731,0.018,0.013,11.966
732,0.018,0.012,11.979
733,0.018,0.014,11.992
734,0.018,0.017,12.010
735,0.018,0.014,12.024
736,0.018,0.013,12.037
737,0.018,0.016,12.053
738,0.018,0.013,12.066
739,0.019,0.014,12.080
740,0.018,0.015,12.094
741,0.019,0.014,12.109
742,0.019,0.014,12.122
743,0.019,0.012,12.134
744,0.018,0.014,12.149
745,0.019,0.013,12.161
746,0.019,0.014,12.175
747,0.019,0.018,12.193
748,0.019,0.020,12.213
749,0.019,0.016,12.229
750,0.019,0.015,12.244
751,0.019,0.017,12.261
752,0.018,0.016,12.276
753,0.018,0.013,12.289
754,0.018,0.018,12.307
755,0.018,0.013,12.320
756,0.019,0.016,12.336
757,0.019,0.019,12.355
758,0.019,0.015,12.370
759,0.019,0.014,12.384
760,0.018,0.019,12.403
761,0.018,0.014,12.417
762,0.018,0.012,12.430
763,0.019,0.015,12.444
764,0.019,0.017,12.462
765,0.018,0.014,12.475
766,0.019,0.013,12.488
767,0.019,0.020,12.508
768,0.019,0.013,12.521
769,0.018,0.013,12.534
770,0.019,0.015,12.549
771,0.019,0.013,12.562
772,0.019,0.014,12.577
773,0.019,0.016,12.592
774,0.019,0.016,12.608
775,0.019,0.013,12.622
776,0.019,0.014,12.636
777,0.019,0.015,12.651
778,0.019,0.015,12.665
779,0.018,0.013,12.678
780,0.019,0.013,12.691
781,0.020,0.019,12.710
782,0.019,0.014,12.724
783,0.019,0.013,12.737
784,0.018,0.017,12.755
785,0.018,0.018,12.773
786,0.019,0.017,12.790
787,0.018,0.018,12.808
788,0.019,0.014,12.822
789,0.019,0.012,12.834
790,0.019,0.012,12.846
791,0.019,0.015,12.862
792,0.019,0.014,12.876
793,0.019,0.016,12.892
794,0.019,0.021,12.913
795,0.019,0.014,12.927
796,0.019,0.013,12.940
797,0.019,0.018,12.958
798,0.019,0.013,12.972
799,0.019,0.013,12.985
800,0.019,0.015,12.999
801,0.019,0.016,13.015
802,0.019,0.012,13.028
803,0.019,0.015,13.043
804,0.020,0.021,13.064
805,0.020,0.012,13.076
806,0.020,0.013,13.089
807,0.019,0.015,13.103
808,0.021,0.014,13.118
809,0.020,0.013,13.131
810,0.020,0.012,13.143
811,0.020,0.016,13.159
812,0.020,0.013,13.171
813,0.019,0.012,13.183
814,0.019,0.014,13.197
815,0.019,0.017,13.214
816,0.019,0.014,13.227
817,0.019,0.013,13.240
818,0.018,0.016,13.255
819,0.018,0.014,13.270
820,0.020,0.012,13.282
821,0.020,0.012,13.294
822,0.020,0.016,13.311
823,0.019,0.013,13.323
824,0.020,0.012,13.335
825,0.019,0.012,13.347
826,0.020,0.015,13.362
827,0.020,0.017,13.379
828,0.019,0.016,13.396
829,0.020,0.017,13.412
830,0.019,0.014,13.426
831,0.020,0.014,13.439
832,0.019,0.014,13.454
833,0.020,0.015,13.469
834,0.019,0.012,13.481
835,0.020,0.015,13.496
836,0.020,0.017,13.513
837,0.019,0.016,13.529
838,0.019,0.018,13.547
839,0.020,0.019,13.566
840,0.020,0.013,13.579
841,0.019,0.012,13.591
842,0.020,0.014,13.606
843,0.020,0.013,13.618
844,0.021,0.013,13.632
845,0.021,0.013,13.644
846,0.020,0.019,13.663
847,0.020,0.013,13.677
848,0.020,0.013,13.689
849,0.021,0.019,13.708
850,0.020,0.019,13.727
851,0.021,0.017,13.744
852,0.019,0.019,13.763
853,0.019,0.013,13.776
854,0.020,0.011,13.787
855,0.020,0.013,13.801
856,0.019,0.018,13.818
857,0.019,0.014,13.832
858,0.019,0.013,13.844
859,0.020,0.018,13.862
860,0.020,0.013,13.876
861,0.020,0.014,13.890
862,0.020,0.012,13.902
863,0.020,0.015,13.917
864,0.022,0.013,13.930
865,0.021,0.012,13.942
866,0.020,0.015,13.957
867,0.021,0.012,13.970
868,0.021,0.012,13.982
869,0.021,0.012,13.993
870,0.021,0.018,14.012
871,0.021,0.015,14.026
872,0.020,0.013,14.039
873,0.021,0.013,14.051
874,0.020,0.015,14.066
875,0.020,0.013,14.079
876,0.020,0.012,14.090
877,0.020,0.013,14.103
878,0.019,0.020,14.123
879,0.020,0.012,14.135
880,0.021,0.013,14.148
881,0.021,0.016,14.164
882,0.020,0.014,14.178
883,0.021,0.012,14.190
884,0.021,0.014,14.204
885,0.022,0.014,14.218
886,0.021,0.013,14.231
887,0.022,0.015,14.246
888,0.022,0.017,14.263
889,0.022,0.013,14.276
890,0.022,0.012,14.288
891,0.020,0.012,14.300
892,0.020,0.018,14.318
893,0.020,0.014,14.332
894,0.020,0.013,14.345
895,0.020,0.017,14.361
896,0.020,0.014,14.376
897,0.020,0.013,14.389
898,0.020,0.014,14.403
899,0.019,0.015,14.418
900,0.020,0.013,14.430
901,0.019,0.012,14.443
902,0.019,0.015,14.457
903,0.019,0.015,14.473
904,0.019,0.013,14.485
905,0.020,0.015,14.500
906,0.019,0.018,14.518
907,0.019,0.013,14.531
908,0.019,0.013,14.545
909,0.020,0.014,14.559
910,0.020,0.013,14.572
911,0.019,0.013,14.584
912,0.019,0.013,14.597
913,0.020,0.017,14.615
914,0.020,0.014,14.628
915,0.019,0.015,14.644
916,0.019,0.016,14.660
917,0.020,0.014,14.674
918,0.020,0.013,14.686
919,0.020,0.012,14.698
920,0.020,0.016,14.714
921,0.020,0.013,14.727
922,0.019,0.012,14.739
923,0.019,0.013,14.752
924,0.020,0.015,14.767
925,0.020,0.012,14.779
926,0.020,0.013,14.793
927,0.021,0.017,14.809
928,0.021,0.015,14.825
929,0.020,0.013,14.838
930,0.020,0.012,14.850
931,0.020,0.016,14.865
932,0.020,0.015,14.880
933,0.020,0.012,14.892
934,0.020,0.014,14.907
935,0.021,0.014,14.920
936,0.020,0.012,14.933
937,0.020,0.013,14.945
938,0.019,0.018,14.963
939,0.020,0.013,14.976
940,0.020,0.012,14.988
941,0.019,0.014,15.002
942,0.019,0.019,15.021
943,0.019,0.014,15.035
944,0.019,0.012,15.046
945,0.020,0.015,15.062
946,0.019,0.012,15.074
947,0.019,0.012,15.086
948,0.019,0.012,15.099
949,0.019,0.020,15.119
950,0.019,0.012,15.131
951,0.019,0.015,15.146
952,0.019,0.016,15.162
953,0.019,0.015,15.177
954,0.020,0.013,15.190
955,0.020,0.013,15.203
956,0.020,0.015,15.219
957,0.019,0.011,15.230
958,0.019,0.012,15.242
959,0.019,0.013,15.255
960,0.019,0.015,15.270
961,0.018,0.015,15.285
962,0.020,0.012,15.297
963,0.019,0.015,15.312
964,0.019,0.013,15.325
965,0.017,0.012,15.337
966,0.018,0.012,15.350
967,0.018,0.017,15.367
968,0.018,0.013,15.380
969,0.018,0.014,15.394
970,0.018,0.017,15.411
971,0.018,0.013,15.425
972,0.018,0.014,15.438
973,0.018,0.014,15.453
974,0.018,0.016,15.469
975,0.017,0.013,15.482
976,0.017,0.013,15.495
977,0.018,0.016,15.511
978,0.017,0.013,15.524
979,0.016,0.016,15.540
980,0.017,0.014,15.553
981,0.016,0.015,15.568
982,0.016,0.013,15.581
983,0.018,0.013,15.594
984,0.017,0.015,15.609
985,0.018,0.014,15.624
986,0.017,0.013,15.636
987,0.017,0.015,15.651
988,0.017,0.019,15.670
989,0.017,0.013,15.683
990,0.017,0.013,15.696
991,0.017,0.015,15.711
992,0.017,0.013,15.724
993,0.017,0.013,15.737
994,0.017,0.014,15.751
995,0.017,0.017,15.769
996,0.016,0.016,15.785
997,0.017,0.013,15.798
998,0.016,0.018,15.816
999,0.016,0.013,15.829
1000,0.017,0.013,15.842
1001,0.017,0.015,15.857
1002,0.017,0.015,15.872
1003,0.016,0.013,15.885
1004,0.016,0.014,15.900
1005,0.017,0.018,15.918
1006,0.017,0.013,15.931
1007,0.016,0.012,15.944
1008,0.016,0.016,15.960
1009,0.016,0.016,15.975
1010,0.016,0.014,15.990
1011,0.016,0.016,16.006
1012,0.016,0.015,16.021
1013,0.016,0.017,16.038
1014,0.017,0.018,16.056
1015,0.017,0.015,16.071
1016,0.016,0.014,16.086
1017,0.016,0.015,16.100
1018,0.016,0.016,16.117
1019,0.016,0.015,16.131
1020,0.016,0.015,16.146
1021,0.018,0.016,16.163
1022,0.017,0.017,16.180
1023,0.017,0.014,16.194
1024,0.017,0.017,16.211
1025,0.016,0.013,16.224
1026,0.017,0.014,16.239
1027,0.017,0.015,16.253
1028,0.018,0.019,16.272
1029,0.018,0.013,16.285
1030,0.017,0.015,16.300
1031,0.017,0.016,16.316
1032,0.017,0.014,16.330
1033,0.017,0.013,16.343
1034,0.017,0.016,16.359
1035,0.017,0.015,16.373
1036,0.017,0.013,16.387
1037,0.016,0.012,16.399
1038,0.017,0.017,16.416
1039,0.016,0.013,16.430
1040,0.018,0.013,16.442
1041,0.017,0.017,16.460
1042,0.017,0.017,16.477
1043,0.017,0.013,16.490
1044,0.017,0.016,16.506
1045,0.017,0.015,16.521
1046,0.017,0.015,16.536
1047,0.017,0.013,16.549
1048,0.018,0.018,16.567
1049,0.017,0.014,16.581
1050,0.018,0.014,16.596
1051,0.018,0.015,16.611
1052,0.018,0.016,16.627
1053,0.018,0.013,16.640
1054,0.018,0.018,16.658
1055,0.018,0.014,16.672
1056,0.018,0.016,16.687
1057,0.018,0.015,16.702
1058,0.017,0.017,16.719
1059,0.017,0.014,16.734
1060,0.017,0.013,16.747
1061,0.017,0.017,16.763
1062,0.017,0.015,16.779
1063,0.017,0.014,16.793
1064,0.017,0.017,16.810
1065,0.016,0.016,16.826
1066,0.016,0.013,16.839
1067,0.016,0.014,16.853
1068,0.016,0.018,16.871
1069,0.018,0.016,16.886
1070,0.017,0.014,16.900
1071,0.017,0.018,16.918
1072,0.017,0.014,16.933
1073,0.017,0.014,16.947
1074,0.017,0.018,16.965
1075,0.017,0.014,16.978
1076,0.018,0.014,16.992
1077,0.018,0.018,17.010
1078,0.017,0.016,17.026
1079,0.017,0.015,17.041
1080,0.017,0.015,17.056
1081,0.017,0.018,17.074
1082,0.017,0.014,17.088
1083,0.017,0.014,17.102
1084,0.017,0.017,17.120
1085,0.018,0.016,17.136
1086,0.018,0.013,17.149
1087,0.018,0.017,17.166
1088,0.018,0.014,17.180
1089,0.018,0.013,17.194
1090,0.018,0.015,17.208
1091,0.017,0.016,17.225
1092,0.018,0.014,17.238
1093,0.018,0.012,17.250
1094,0.019,0.016,17.267
1095,0.019,0.014,17.281
1096,0.019,0.013,17.294
1097,0.018,0.017,17.310
1098,0.018,0.015,17.325
1099,0.017,0.013,17.338
1100,0.018,0.013,17.351
1101,0.018,0.018,17.369
1102,0.018,0.014,17.382
1103,0.017,0.015,17.397
1104,0.018,0.016,17.413
1105,0.018,0.016,17.429
1106,0.018,0.018,17.448
1107,0.018,0.019,17.467
1108,0.018,0.014,17.480
1109,0.018,0.013,17.493
1110,0.018,0.014,17.507
1111,0.019,0.017,17.524
1112,0.019,0.018,17.542
1113,0.018,0.015,17.556
1114,0.018,0.017,17.573
1115,0.019,0.013,17.586
1116,0.019,0.013,17.599
1117,0.019,0.015,17.614
1118,0.020,0.014,17.628
1119,0.019,0.014,17.642
1120,0.020,0.012,17.654
1121,0.020,0.017,17.671
1122,0.019,0.012,17.683
1123,0.018,0.012,17.695
1124,0.019,0.016,17.711
1125,0.019,0.016,17.727
1126,0.019,0.013,17.741
1127,0.019,0.012,17.753
1128,0.020,0.017,17.770
1129,0.019,0.014,17.784
1130,0.019,0.013,17.797
1131,0.019,0.014,17.811
1132,0.019,0.016,17.827
1133,0.019,0.013,17.839
1134,0.019,0.014,17.854
1135,0.019,0.017,17.871
1136,0.019,0.013,17.884
1137,0.018,0.013,17.896
1138,0.020,0.016,17.912
1139,0.018,0.015,17.927
1140,0.019,0.013,17.940
1141,0.018,0.012,17.953
1142,0.019,0.017,17.969
1143,0.019,0.014,17.983
1144,0.018,0.014,17.997
1145,0.018,0.015,18.012
1146,0.019,0.015,18.027
1147,0.019,0.014,18.041
1148,0.018,0.013,18.054
1149,0.020,0.016,18.070
1150,0.019,0.012,18.083
1151,0.019,0.013,18.095
1152,0.018,0.017,18.112
1153,0.020,0.013,18.125
1154,0.019,0.012,18.137
1155,0.020,0.013,18.150
1156,0.020,0.016,18.167
1157,0.020,0.013,18.180
1158,0.020,0.013,18.193
1159,0.020,0.013,18.205
1160,0.020,0.014,18.220
1161,0.020,0.013,18.232
1162,0.020,0.012,18.245
1163,0.020,0.013,18.257
1164,0.021,0.019,18.276
1165,0.021,0.013,18.289
1166,0.020,0.016,18.305
1167,0.020,0.015,18.321
1168,0.021,0.013,18.333
1169,0.021,0.011,18.345
1170,0.020,0.012,18.357
1171,0.020,0.015,18.372
1172,0.020,0.014,18.386
1173,0.020,0.012,18.398
1174,0.020,0.018,18.416
1175,0.019,0.016,18.432
1176,0.020,0.012,18.444
1177,0.020,0.013,18.457
1178,0.020,0.016,18.473
1179,0.020,0.017,18.489
1180,0.020,0.013,18.502
1181,0.020,0.016,18.518
1182,0.020,0.014,18.532
1183,0.020,0.012,18.544
1184,0.021,0.012,18.555
1185,0.021,0.017,18.572
1186,0.021,0.015,18.587
1187,0.021,0.016,18.603
1188,0.021,0.016,18.619
1189,0.021,0.013,18.632
1190,0.021,0.011,18.644
1191,0.021,0.013,18.656
1192,0.022,0.015,18.671
1193,0.022,0.013,18.684
1194,0.024,0.013,18.697
1195,0.023,0.015,18.712
1196,0.021,0.014,18.726
1197,0.021,0.012,18.738
1198,0.021,0.012,18.750
1199,0.020,0.016,18.766
1200,0.021,0.014,18.780
1201,0.021,0.013,18.793
1202,0.021,0.013,18.807
1203,0.021,0.017,18.823
1204,0.021,0.013,18.836
1205,0.021,0.012,18.848
1206,0.021,0.014,18.862
1207,0.021,0.013,18.875
1208,0.020,0.013,18.888
1209,0.021,0.012,18.900
1210,0.021,0.018,18.918
1211,0.021,0.013,18.931
1212,0.021,0.016,18.947
1213,0.021,0.015,18.961
1214,0.021,0.014,18.975
1215,0.021,0.012,18.987
1216,0.021,0.011,18.998
1217,0.021,0.014,19.012
1218,0.022,0.013,19.026
1219,0.022,0.012,19.038
1220,0.021,0.014,19.052
1221,0.022,0.018,19.070
1222,0.022,0.014,19.084
1223,0.021,0.015,19.099
1224,0.022,0.014,19.113
1225,0.021,0.013,19.126
1226,0.021,0.012,19.138
1227,0.021,0.012,19.150
1228,0.022,0.015,19.165
1229,0.020,0.013,19.178
1230,0.020,0.011,19.189
1231,0.020,0.012,19.201
1232,0.020,0.017,19.217
1233,0.020,0.014,19.231
1234,0.020,0.015,19.246
1235,0.021,0.013,19.259
1236,0.022,0.013,19.272
1237,0.022,0.012,19.284
1238,0.020,0.011,19.295
1239,0.021,0.013,19.309
1240,0.022,0.013,19.322
1241,0.021,0.012,19.334
1242,0.021,0.012,19.347
1243,0.021,0.021,19.368
1244,0.021,0.014,19.382
1245,0.021,0.012,19.394
1246,0.021,0.015,19.409
1247,0.021,0.014,19.423
1248,0.021,0.014,19.437
1249,0.021,0.013,19.449
1250,0.021,0.016,19.466
1251,0.021,0.016,19.481
1252,0.022,0.012,19.494
1253,0.021,0.011,19.505
1254,0.021,0.015,19.520
1255,0.022,0.012,19.533
1256,0.021,0.011,19.544
1257,0.022,0.012,19.556
1258,0.021,0.015,19.570
1259,0.021,0.013,19.583
1260,0.022,0.012,19.596
1261,0.022,0.018,19.613
1262,0.021,0.013,19.627
1263,0.021,0.016,19.642
1264,0.021,0.015,19.657
1265,0.021,0.015,19.672
1266,0.022,0.014,19.685
1267,0.022,0.013,19.698
1268,0.021,0.014,19.712
1269,0.020,0.013,19.725
1270,0.021,0.012,19.738
1271,0.021,0.013,19.751
1272,0.020,0.016,19.766
1273,0.020,0.014,19.780
1274,0.021,0.013,19.793
1275,0.021,0.015,19.808
1276,0.020,0.014,19.822
1277,0.020,0.012,19.834
1278,0.020,0.012,19.846
1279,0.020,0.016,19.862
1280,0.020,0.013,19.875
1281,0.019,0.011,19.886
1282,0.019,0.012,19.899
1283,0.020,0.017,19.916
1284,0.019,0.014,19.930
1285,0.019,0.013,19.942
1286,0.019,0.018,19.960
1287,0.021,0.013,19.974
1288,0.020,0.012,19.986
1289,0.020,0.011,19.997
1290,0.020,0.014,20.011
1291,0.020,0.012,20.024
1292,0.020,0.012,20.035
1293,0.020,0.013,20.048
1294,0.021,0.014,20.062
1295,0.020,0.013,20.075
1296,0.021,0.014,20.089
1297,0.021,0.012,20.101
1298,0.021,0.021,20.122
1299,0.021,0.011,20.134
1300,0.021,0.012,20.146
1301,0.021,0.016,20.162
1302,0.021,0.013,20.175
1303,0.022,0.013,20.187
1304,0.021,0.012,20.200
1305,0.021,0.018,20.217
1306,0.021,0.013,20.230
1307,0.021,0.012,20.242
1308,0.020,0.012,20.253
1309,0.019,0.017,20.270
1310,0.020,0.013,20.284
1311,0.020,0.012,20.296
1312,0.020,0.017,20.313
1313,0.020,0.013,20.326
1314,0.019,0.012,20.338
1315,0.019,0.013,20.351
1316,0.019,0.015,20.366
1317,0.019,0.013,20.379
1318,0.020,0.012,20.391
1319,0.019,0.014,20.405
1320,0.020,0.015,20.421
1321,0.021,0.013,20.434
1322,0.020,0.014,20.447
1323,0.020,0.015,20.462
1324,0.020,0.013,20.475
1325,0.020,0.012,20.488
1326,0.021,0.012,20.499
1327,0.020,0.015,20.514
1328,0.021,0.013,20.527
1329,0.022,0.011,20.538
1330,0.022,0.012,20.550
1331,0.021,0.015,20.564
1332,0.021,0.013,20.577
1333,0.021,0.014,20.591
1334,0.022,0.015,20.606
1335,0.021,0.014,20.620
1336,0.021,0.014,20.633
1337,0.021,0.012,20.645
1338,0.022,0.014,20.659
1339,0.022,0.012,20.672
1340,0.022,0.014,20.685
1341,0.022,0.011,20.697
1342,0.022,0.016,20.713
1343,0.022,0.015,20.728
1344,0.022,0.015,20.743
1345,0.020,0.015,20.758
1346,0.020,0.013,20.771
1347,0.021,0.013,20.784
1348,0.022,0.012,20.796
1349,0.022,0.016,20.813
1350,0.021,0.013,20.826
1351,0.021,0.013,20.839
1352,0.021,0.015,20.854
1353,0.022,0.014,20.868
1354,0.021,0.012,20.880
1355,0.021,0.014,20.894
1356,0.022,0.015,20.910
1357,0.021,0.012,20.922
1358,0.022,0.013,20.935
1359,0.021,0.011,20.946
1360,0.021,0.015,20.961
1361,0.021,0.012,20.974
1362,0.021,0.012,20.985
1363,0.021,0.012,20.997
1364,0.021,0.019,21.016
1365,0.021,0.011,21.027
1366,0.022,0.015,21.043
1367,0.022,0.015,21.057
1368,0.022,0.012,21.070
1369,0.022,0.011,21.081
1370,0.022,0.012,21.093
1371,0.022,0.011,21.104
1372,0.022,0.017,21.120
1373,0.021,0.012,21.133
1374,0.021,0.012,21.145
1375,0.022,0.015,21.160
1376,0.022,0.015,21.174
1377,0.022,0.012,21.187
1378,0.021,0.013,21.200
1379,0.021,0.016,21.216
1380,0.021,0.011,21.227
1381,0.021,0.016,21.243
1382,0.021,0.014,21.257
1383,0.021,0.014,21.271
1384,0.021,0.011,21.282
1385,0.020,0.011,21.294
1386,0.021,0.017,21.311
1387,0.021,0.012,21.323
1388,0.020,0.012,21.335
1389,0.020,0.012,21.347
1390,0.020,0.019,21.366
1391,0.020,0.012,21.378
1392,0.021,0.013,21.391
1393,0.020,0.015,21.406
1394,0.020,0.017,21.423
1395,0.019,0.012,21.435
1396,0.019,0.016,21.451
1397,0.020,0.020,21.471
1398,0.020,0.013,21.484
1399,0.020,0.013,21.497
1400,0.020,0.016,21.513
1401,0.020,0.013,21.526
1402,0.020,0.014,21.539
1403,0.019,0.013,21.552
1404,0.019,0.016,21.568
1405,0.019,0.013,21.581
1406,0.019,0.012,21.594
1407,0.019,0.016,21.609
1408,0.019,0.013,21.622
1409,0.019,0.014,21.637
1410,0.019,0.013,21.650
1411,0.019,0.015,21.665
1412,0.018,0.015,21.680
1413,0.019,0.012,21.692
1414,0.019,0.013,21.705
1415,0.019,0.015,21.720
1416,0.021,0.014,21.734
1417,0.020,0.013,21.747
1418,0.020,0.015,21.762
1419,0.019,0.013,21.774
1420,0.019,0.015,21.789
1421,0.019,0.015,21.804
1422,0.019,0.015,21.819
1423,0.019,0.014,21.833
1424,0.019,0.012,21.845
1425,0.020,0.015,21.860
1426,0.020,0.015,21.875
1427,0.019,0.013,21.888
1428,0.020,0.014,21.901
1429,0.020,0.019,21.920
1430,0.020,0.013,21.933
1431,0.020,0.013,21.946
1432,0.020,0.015,21.961
1433,0.019,0.012,21.973
1434,0.020,0.012,21.985
1435,0.020,0.014,21.999
1436,0.019,0.018,22.018
1437,0.020,0.013,22.031
1438,0.020,0.013,22.043
1439,0.019,0.014,22.057
1440,0.019,0.020,22.078
1441,0.020,0.012,22.089
1442,0.020,0.013,22.102
1443,0.019,0.021,22.123
1444,0.019,0.015,22.138
1445,0.019,0.014,22.153
1446,0.020,0.014,22.167
1447,0.019,0.013,22.180
1448,0.020,0.012,22.192
1449,0.020,0.012,22.204
1450,0.019,0.017,22.221
1451,0.020,0.013,22.234
1452,0.020,0.013,22.247
1453,0.019,0.014,22.261
1454,0.019,0.018,22.279
1455,0.019,0.012,22.291
1456,0.019,0.012,22.303
1457,0.019,0.017,22.320
1458,0.020,0.017,22.337
1459,0.020,0.014,22.351
1460,0.019,0.015,22.366
1461,0.020,0.015,22.380
1462,0.019,0.013,22.393
1463,0.020,0.012,22.405
1464,0.020,0.017,22.422
1465,0.020,0.014,22.435
1466,0.020,0.013,22.449
1467,0.020,0.012,22.461
1468,0.020,0.018,22.479
1469,0.020,0.013,22.492
1470,0.020,0.012,22.504
1471,0.020,0.017,22.521
1472,0.020,0.012,22.533
1473,0.019,0.014,22.548
1474,0.019,0.013,22.560
1475,0.020,0.015,22.575
1476,0.021,0.015,22.590
1477,0.020,0.012,22.602
1478,0.021,0.016,22.619
1479,0.021,0.012,22.631
1480,0.022,0.013,22.644
1481,0.021,0.012,22.656
1482,0.021,0.018,22.674
1483,0.021,0.012,22.687
1484,0.021,0.012,22.699
1485,0.021,0.013,22.712
1486,0.022,0.014,22.726
1487,0.021,0.014,22.740
1488,0.022,0.012,22.753
1489,0.022,0.014,22.767
1490,0.021,0.017,22.784
1491,0.021,0.013,22.797
1492,0.021,0.012,22.809
1493,0.021,0.016,22.825
1494,0.021,0.011,22.837
1495,0.021,0.012,22.849
1496,0.021,0.013,22.862
1497,0.021,0.016,22.878
1498,0.021,0.014,22.891
1499,0.021,0.016,22.908
1500,0.021,0.016,22.924
1501,0.022,0.014,22.937
1502,0.021,0.013,22.951
1503,0.022,0.016,22.966
1504,0.022,0.015,22.981
1505,0.022,0.012,22.993
1506,0.023,0.011,23.005
1507,0.023,0.015,23.020
1508,0.023,0.011,23.031
1509,0.021,0.012,23.043
1510,0.021,0.014,23.057
1511,0.021,0.017,23.074
1512,0.021,0.012,23.086
1513,0.021,0.012,23.098
1514,0.021,0.012,23.110
1515,0.022,0.014,23.124
1516,0.021,0.014,23.138
1517,0.021,0.013,23.151
1518,0.021,0.019,23.170
1519,0.020,0.017,23.188
1520,0.021,0.012,23.200
1521,0.021,0.015,23.215
1522,0.021,0.015,23.229
1523,0.021,0.013,23.242
1524,0.021,0.013,23.255
1525,0.021,0.020,23.275
1526,0.021,0.012,23.288
1527,0.021,0.011,23.298
1528,0.022,0.012,23.310
1529,0.021,0.016,23.326
1530,0.023,0.012,23.339
1531,0.021,0.013,23.352
1532,0.022,0.016,23.368
1533,0.022,0.013,23.381
1534,0.022,0.012,23.393
1535,0.023,0.011,23.404
1536,0.023,0.013,23.417
1537,0.023,0.013,23.430
1538,0.022,0.012,23.441
1539,0.023,0.014,23.456
1540,0.025,0.018,23.473
1541,0.022,0.013,23.487
1542,0.023,0.014,23.501
1543,0.023,0.012,23.513
1544,0.023,0.015,23.528
1545,0.024,0.013,23.541
1546,0.023,0.011,23.552
1547,0.024,0.015,23.568
1548,0.023,0.012,23.579
1549,0.023,0.011,23.591
1550,0.024,0.014,23.605
1551,0.023,0.013,23.618
1552,0.023,0.012,23.630
1553,0.023,0.013,23.644
1554,0.024,0.011,23.655
1555,0.022,0.015,23.670
1556,0.022,0.014,23.684
1557,0.022,0.012,23.696
1558,0.022,0.012,23.708
1559,0.022,0.017,23.725
1560,0.022,0.012,23.737
1561,0.023,0.011,23.748
1562,0.022,0.013,23.762
1563,0.021,0.014,23.776
1564,0.023,0.012,23.788
1565,0.022,0.011,23.799
1566,0.022,0.011,23.810
1567,0.023,0.016,23.826
1568,0.022,0.014,23.840
1569,0.022,0.017,23.857
1570,0.023,0.014,23.871
1571,0.023,0.012,23.883
1572,0.023,0.011,23.894
1573,0.022,0.010,23.904
1574,0.023,0.014,23.918
1575,0.023,0.013,23.931
1576,0.023,0.013,23.944
1577,0.022,0.014,23.958
1578,0.021,0.016,23.974
1579,0.021,0.012,23.986
1580,0.023,0.011,23.997
1581,0.022,0.011,24.008
1582,0.022,0.014,24.022
1583,0.023,0.012,24.034
1584,0.022,0.012,24.046
1585,0.022,0.011,24.057
1586,0.022,0.014,24.072
1587,0.023,0.012,24.083
1588,0.022,0.011,24.094
1589,0.023,0.011,24.105
1590,0.024,0.013,24.118
1591,0.024,0.018,24.136
1592,0.024,0.013,24.149
1593,0.024,0.010,24.159
1594,0.024,0.015,24.174
1595,0.023,0.011,24.185
1596,0.023,0.012,24.197
1597,0.023,0.011,24.208
1598,0.023,0.014,24.222
1599,0.023,0.013,24.235
1600,0.022,0.011,24.247
1601,0.022,0.012,24.259
1602,0.022,0.016,24.275
1603,0.022,0.013,24.288
1604,0.022,0.011,24.299
1605,0.023,0.011,24.310
1606,0.022,0.015,24.325
1607,0.023,0.013,24.339
1608,0.022,0.011,24.350
1609,0.022,0.012,24.362
1610,0.022,0.017,24.379
1611,0.022,0.011,24.390
1612,0.022,0.012,24.402
1613,0.022,0.014,24.416
1614,0.022,0.015,24.431
1615,0.022,0.013,24.445
1616,0.022,0.011,24.455
1617,0.022,0.013,24.469
1618,0.022,0.013,24.482
1619,0.023,0.012,24.493
1620,0.022,0.011,24.505
1621,0.023,0.014,24.519
1622,0.023,0.013,24.531
1623,0.023,0.011,24.542
1624,0.023,0.011,24.553
1625,0.023,0.015,24.568
1626,0.023,0.012,24.581
1627,0.023,0.012,24.593
1628,0.022,0.011,24.604
1629,0.023,0.017,24.621
1630,0.022,0.013,24.634
1631,0.022,0.012,24.646
1632,0.023,0.011,24.657
1633,0.023,0.016,24.672
1634,0.023,0.013,24.685
1635,0.023,0.013,24.698
1636,0.023,0.011,24.709
1637,0.022,0.014,24.723
1638,0.023,0.012,24.735
1639,0.023,0.012,24.747
1640,0.023,0.013,24.760
1641,0.022,0.016,24.776
1642,0.022,0.012,24.788
1643,0.023,0.012,24.800
1644,0.022,0.013,24.813
1645,0.022,0.014,24.827
1646,0.022,0.012,24.839
1647,0.022,0.014,24.853
1648,0.022,0.012,24.865
1649,0.021,0.015,24.880
1650,0.023,0.011,24.891
1651,0.023,0.011,24.902
1652,0.022,0.017,24.919
1653,0.024,0.014,24.933
1654,0.024,0.011,24.945
1655,0.022,0.012,24.957
1656,0.022,0.016,24.973
1657,0.021,0.012,24.986
1658,0.021,0.012,24.997
1659,0.022,0.011,25.008
1660,0.022,0.017,25.025
1661,0.022,0.011,25.036
1662,0.022,0.012,25.047
1663,0.021,0.012,25.059
1664,0.022,0.015,25.075
1665,0.022,0.011,25.086
1666,0.022,0.012,25.098
1667,0.022,0.012,25.110
1668,0.022,0.016,25.126
1669,0.022,0.011,25.137
1670,0.022,0.012,25.149
1671,0.022,0.014,25.163
1672,0.022,0.014,25.177
1673,0.021,0.013,25.190
1674,0.022,0.011,25.201
1675,0.022,0.011,25.212
1676,0.024,0.014,25.226
1677,0.024,0.012,25.237
1678,0.023,0.011,25.249
1679,0.024,0.011,25.259
1680,0.024,0.017,25.276
1681,0.024,0.011,25.287
1682,0.023,0.012,25.299
1683,0.023,0.014,25.313
1684,0.023,0.015,25.327
1685,0.024,0.011,25.338
1686,0.024,0.011,25.349
1687,0.024,0.011,25.360
1688,0.023,0.016,25.376
1689,0.023,0.011,25.387
1690,0.023,0.011,25.398
1691,0.023,0.013,25.411
1692,0.023,0.015,25.426
1693,0.022,0.013,25.438
1694,0.022,0.013,25.451
1695,0.022,0.014,25.466
1696,0.022,0.014,25.479
1697,0.022,0.012,25.491
1698,0.022,0.014,25.505
1699,0.022,0.016,25.521
1700,0.023,0.011,25.532
1701,0.022,0.013,25.546
1702,0.021,0.013,25.559
1703,0.022,0.016,25.575
1704,0.022,0.013,25.588
1705,0.022,0.014,25.601
1706,0.021,0.015,25.616
1707,0.023,0.014,25.631
1708,0.022,0.012,25.643
1709,0.022,0.012,25.655
1710,0.022,0.015,25.670
1711,0.022,0.012,25.682
1712,0.022,0.012,25.694
1713,0.022,0.013,25.707
1714,0.022,0.015,25.723
1715,0.022,0.014,25.737
1716,0.022,0.012,25.749
1717,0.022,0.016,25.765
1718,0.021,0.014,25.779
1719,0.021,0.013,25.791
1720,0.022,0.013,25.804
1721,0.022,0.015,25.819
1722,0.022,0.013,25.832
1723,0.022,0.012,25.844
1724,0.021,0.012,25.855
1725,0.021,0.015,25.871
1726,0.021,0.013,25.883
1727,0.021,0.013,25.896
1728,0.021,0.015,25.910
1729,0.021,0.016,25.926
1730,0.022,0.013,25.939
1731,0.022,0.011,25.950
1732,0.021,0.016,25.966
1733,0.022,0.013,25.979
1734,0.022,0.013,25.992
1735,0.022,0.012,26.004
1736,0.022,0.019,26.023
1737,0.022,0.015,26.038
1738,0.022,0.012,26.049
1739,0.022,0.014,26.064
1740,0.022,0.013,26.077
1741,0.023,0.012,26.089
1742,0.022,0.012,26.101
1743,0.022,0.015,26.115
1744,0.023,0.015,26.130
1745,0.022,0.013,26.143
1746,0.023,0.014,26.157
1747,0.023,0.015,26.172
1748,0.022,0.013,26.185
1749,0.023,0.012,26.197
1750,0.023,0.012,26.209
1751,0.022,0.016,26.225
1752,0.022,0.015,26.240
1753,0.022,0.013,26.252
1754,0.022,0.013,26.266
1755,0.022,0.014,26.279
1756,0.023,0.015,26.294
1757,0.023,0.013,26.306
1758,0.022,0.014,26.321
1759,0.021,0.013,26.333
1760,0.022,0.012,26.345
1761,0.021,0.012,26.357
1762,0.021,0.015,26.372
1763,0.021,0.014,26.386
1764,0.021,0.012,26.399
1765,0.020,0.015,26.414
1766,0.020,0.015,26.429
1767,0.021,0.013,26.442
1768,0.021,0.011,26.453
1769,0.021,0.015,26.468
1770,0.020,0.012,26.480
1771,0.021,0.014,26.493
1772,0.021,0.013,26.506
1773,0.021,0.015,26.521
1774,0.020,0.013,26.534
1775,0.020,0.015,26.548
1776,0.021,0.019,26.567
1777,0.022,0.015,26.582
1778,0.020,0.013,26.595
1779,0.020,0.012,26.608
1780,0.020,0.016,26.624
1781,0.020,0.013,26.637
1782,0.020,0.012,26.649
1783,0.020,0.017,26.666
1784,0.020,0.014,26.680
1785,0.021,0.012,26.692
1786,0.021,0.013,26.705
1787,0.021,0.016,26.722
1788,0.021,0.013,26.735
1789,0.020,0.014,26.749
1790,0.021,0.015,26.763
1791,0.020,0.017,26.781
1792,0.020,0.012,26.793
1793,0.020,0.016,26.809
1794,0.020,0.022,26.831
1795,0.021,0.013,26.844
1796,0.020,0.014,26.858
1797,0.021,0.015,26.873
1798,0.020,0.013,26.886
1799,0.020,0.012,26.898
1800,0.020,0.017,26.915
1801,0.020,0.016,26.931
1802,0.021,0.012,26.943
1803,0.021,0.013,26.956
1804,0.021,0.017,26.973
1805,0.021,0.013,26.986
1806,0.020,0.011,26.997
1807,0.020,0.012,27.009
1808,0.020,0.016,27.026
1809,0.021,0.013,27.039
1810,0.021,0.012,27.051
1811,0.020,0.015,27.066
1812,0.021,0.013,27.079
1813,0.021,0.012,27.091
1814,0.021,0.012,27.103
1815,0.021,0.015,27.118
1816,0.022,0.015,27.133
1817,0.022,0.013,27.146
1818,0.023,0.011,27.157
1819,0.022,0.017,27.174
1820,0.022,0.013,27.187
1821,0.022,0.012,27.199
1822,0.022,0.018,27.217
1823,0.022,0.014,27.231
1824,0.022,0.013,27.244
1825,0.022,0.014,27.258
1826,0.021,0.016,27.274
1827,0.022,0.013,27.287
1828,0.021,0.012,27.299
1829,0.022,0.016,27.315
1830,0.022,0.014,27.329
1831,0.021,0.012,27.341
1832,0.021,0.014,27.354
1833,0.021,0.018,27.372
1834,0.020,0.012,27.384
1835,0.021,0.014,27.398
1836,0.021,0.015,27.414
1837,0.020,0.015,27.429
1838,0.020,0.015,27.444
1839,0.020,0.012,27.456
1840,0.021,0.016,27.472
1841,0.020,0.015,27.487
1842,0.021,0.012,27.499
1843,0.020,0.014,27.513
1844,0.020,0.014,27.527
1845,0.020,0.012,27.539
1846,0.021,0.013,27.551
1847,0.020,0.015,27.566
1848,0.020,0.012,27.579
1849,0.021,0.012,27.591
1850,0.020,0.013,27.604
1851,0.021,0.016,27.620
1852,0.021,0.013,27.633
1853,0.021,0.012,27.645
1854,0.020,0.013,27.658
1855,0.021,0.014,27.672
1856,0.020,0.013,27.685
1857,0.020,0.013,27.698
1858,0.020,0.014,27.712
1859,0.020,0.018,27.730
1860,0.020,0.013,27.743
1861,0.021,0.012,27.756
1862,0.020,0.018,27.773
1863,0.020,0.013,27.786
1864,0.020,0.013,27.799
1865,0.021,0.013,27.812
1866,0.022,0.015,27.827
1867,0.021,0.014,27.841
1868,0.021,0.013,27.853
1869,0.021,0.016,27.869
1870,0.021,0.013,27.883
1871,0.021,0.012,27.895
1872,0.021,0.012,27.907
1873,0.021,0.016,27.924
1874,0.021,0.013,27.936
1875,0.020,0.013,27.949
1876,0.021,0.017,27.966
1877,0.021,0.014,27.980
1878,0.021,0.013,27.993
1879,0.021,0.012,28.005
1880,0.020,0.015,28.020
1881,0.020,0.013,28.033
1882,0.021,0.012,28.045
1883,0.021,0.012,28.058
1884,0.021,0.018,28.076
1885,0.021,0.013,28.088
1886,0.021,0.013,28.101
1887,0.020,0.015,28.117
1888,0.020,0.014,28.131
1889,0.020,0.012,28.143
1890,0.021,0.012,28.155
1891,0.021,0.016,28.170
1892,0.021,0.013,28.183
1893,0.021,0.013,28.197
1894,0.021,0.017,28.214
1895,0.021,0.016,28.230
1896,0.020,0.013,28.243
1897,0.020,0.012,28.255
1898,0.020,0.015,28.269
1899,0.021,0.015,28.284
1900,0.020,0.013,28.298
1901,0.020,0.013,28.311
1902,0.020,0.015,28.326
1903,0.019,0.012,28.338
1904,0.019,0.015,28.353
1905,0.020,0.016,28.369
1906,0.020,0.015,28.383
1907,0.020,0.013,28.396
1908,0.019,0.013,28.409
1909,0.019,0.015,28.425
