1,0.002,0.028,0.028
2,0.002,0.023,0.051
3,0.003,0.028,0.079
4,0.003,0.024,0.103
5,0.003,0.026,0.129
6,0.003,0.021,0.150
7,0.003,0.027,0.177
8,0.004,0.024,0.201
9,0.004,0.025,0.225
10,0.004,0.023,0.249
11,0.004,0.027,0.275
12,0.004,0.021,0.296
13,0.004,0.024,0.320
14,0.005,0.025,0.346
15,0.005,0.025,0.371
16,0.005,0.023,0.394
17,0.005,0.021,0.415
18,0.005,0.025,0.440
19,0.005,0.020,0.461
20,0.005,0.025,0.486
21,0.005,0.021,0.507
22,0.005,0.026,0.533
23,0.005,0.020,0.554
24,0.006,0.024,0.578
25,0.006,0.023,0.601
26,0.006,0.022,0.623
27,0.006,0.022,0.645
28,0.006,0.020,0.665
29,0.006,0.022,0.687
30,0.006,0.018,0.705
31,0.006,0.024,0.730
32,0.006,0.021,0.751
33,0.006,0.021,0.772
34,0.006,0.020,0.791
35,0.006,0.021,0.813
36,0.006,0.023,0.836
37,0.007,0.018,0.853
38,0.007,0.027,0.880
39,0.007,0.021,0.901
40,0.007,0.022,0.923
41,0.007,0.021,0.944
42,0.007,0.018,0.962
43,0.007,0.022,0.984
44,0.007,0.021,1.005
45,0.007,0.023,1.028
46,0.007,0.020,1.047
47,0.007,0.019,1.066
48,0.007,0.022,1.089
49,0.007,0.019,1.108
50,0.007,0.021,1.128
51,0.008,0.020,1.149
52,0.008,0.019,1.167
53,0.008,0.021,1.188
54,0.008,0.019,1.207
55,0.008,0.021,1.228
56,0.008,0.018,1.247
57,0.008,0.018,1.264
58,0.008,0.021,1.285
59,0.008,0.017,1.302
60,0.008,0.017,1.319
61,0.009,0.020,1.339
62,0.008,0.017,1.356
63,0.009,0.018,1.374
64,0.009,0.021,1.395
65,0.009,0.018,1.413
66,0.009,0.019,1.432
67,0.009,0.017,1.450
68,0.009,0.017,1.466
69,0.009,0.022,1.488
70,0.009,0.018,1.506
71,0.009,0.023,1.529
72,0.009,0.017,1.545
73,0.009,0.016,1.562
74,0.009,0.021,1.582
75,0.009,0.017,1.599
76,0.009,0.017,1.616
77,0.009,0.020,1.636
78,0.009,0.019,1.655
79,0.010,0.019,1.674
80,0.010,0.018,1.691
81,0.010,0.016,1.708
82,0.010,0.020,1.728
83,0.010,0.016,1.744
84,0.010,0.016,1.760
85,0.010,0.021,1.782
86,0.010,0.017,1.798
87,0.010,0.017,1.815
88,0.010,0.022,1.837
89,0.010,0.017,1.853
90,0.011,0.019,1.872
91,0.011,0.021,1.893
92,0.010,0.017,1.909
93,0.011,0.019,1.928
94,0.010,0.017,1.945
95,0.011,0.016,1.961
96,0.011,0.018,1.979
97,0.010,0.018,1.997
98,0.010,0.016,2.013
99,0.011,0.020,2.033
100,0.011,0.016,2.049
101,0.011,0.016,2.065
102,0.011,0.018,2.083
103,0.011,0.016,2.099
104,0.011,0.017,2.116
105,0.010,0.018,2.134
106,0.010,0.020,2.154
107,0.010,0.023,2.177
108,0.010,0.016,2.193
109,0.011,0.015,2.208
110,0.010,0.018,2.226
111,0.011,0.018,2.244
112,0.011,0.016,2.260
113,0.011,0.018,2.278
114,0.011,0.016,2.294
115,0.011,0.015,2.309
116,0.011,0.018,2.327
117,0.011,0.019,2.346
118,0.011,0.015,2.361
119,0.011,0.018,2.379
120,0.011,0.016,2.395
121,0.011,0.017,2.412
122,0.012,0.018,2.430
123,0.012,0.015,2.446
124,0.012,0.017,2.463
125,0.011,0.018,2.481
126,0.011,0.016,2.497
127,0.011,0.016,2.513
128,0.011,0.021,2.534
129,0.011,0.016,2.550
130,0.011,0.016,2.566
131,0.012,0.018,2.584
132,0.011,0.017,2.601
133,0.011,0.019,2.621
134,0.011,0.017,2.638
135,0.011,0.016,2.654
136,0.011,0.018,2.673
137,0.011,0.016,2.689
138,0.011,0.015,2.704
139,0.011,0.019,2.723
140,0.012,0.016,2.740
141,0.012,0.015,2.755
142,0.011,0.017,2.772
143,0.012,0.018,2.790
144,0.012,0.015,2.805
145,0.012,0.017,2.822
146,0.012,0.016,2.838
147,0.012,0.015,2.854
148,0.012,0.014,2.868
149,0.012,0.021,2.888
150,0.012,0.016,2.904
151,0.012,0.015,2.919
152,0.012,0.018,2.937
153,0.013,0.014,2.951
154,0.013,0.018,2.969
155,0.013,0.018,2.987
156,0.013,0.016,3.003
157,0.013,0.018,3.021
158,0.014,0.016,3.037
159,0.013,0.015,3.053
160,0.013,0.019,3.072
161,0.013,0.018,3.090
162,0.013,0.014,3.103
163,0.013,0.015,3.119
164,0.013,0.017,3.136
165,0.012,0.015,3.151
166,0.012,0.014,3.165
167,0.012,0.017,3.182
168,0.013,0.015,3.197
169,0.013,0.018,3.215
170,0.014,0.020,3.235
171,0.014,0.014,3.249
172,0.013,0.014,3.262
173,0.013,0.018,3.280
174,0.013,0.015,3.295
175,0.013,0.015,3.310
176,0.014,0.018,3.329
177,0.014,0.014,3.343
178,0.013,0.014,3.357
179,0.013,0.017,3.374
180,0.014,0.015,3.389
181,0.014,0.014,3.403
182,0.014,0.018,3.421
183,0.014,0.015,3.436
184,0.014,0.014,3.450
185,0.013,0.016,3.466
186,0.014,0.019,3.485
187,0.014,0.015,3.500
188,0.014,0.014,3.515
189,0.014,0.019,3.534
190,0.014,0.014,3.548
191,0.013,0.014,3.561
192,0.014,0.021,3.582
193,0.015,0.014,3.596
194,0.014,0.016,3.612
195,0.014,0.020,3.632
196,0.014,0.016,3.649
197,0.014,0.013,3.662
198,0.014,0.017,3.679
199,0.014,0.015,3.694
200,0.014,0.014,3.709
201,0.014,0.016,3.725
202,0.013,0.017,3.742
203,0.014,0.014,3.756
204,0.014,0.018,3.774
205,0.014,0.015,3.790
206,0.014,0.013,3.803
207,0.014,0.014,3.817
208,0.014,0.018,3.835
209,0.014,0.014,3.849
210,0.014,0.014,3.863
211,0.014,0.019,3.882
212,0.015,0.017,3.899
213,0.015,0.014,3.912
214,0.015,0.018,3.930
215,0.014,0.013,3.943
216,0.014,0.014,3.957
217,0.015,0.015,3.972
218,0.015,0.015,3.987
219,0.015,0.015,4.002
220,0.015,0.018,4.020
221,0.015,0.015,4.036
222,0.015,0.015,4.051
223,0.015,0.014,4.065
224,0.015,0.018,4.083
225,0.015,0.013,4.096
226,0.015,0.014,4.110
227,0.015,0.019,4.129
228,0.015,0.013,4.142
229,0.015,0.014,4.156
230,0.016,0.016,4.172
231,0.016,0.015,4.186
232,0.016,0.014,4.200
233,0.017,0.013,4.214
234,0.016,0.017,4.231
235,0.017,0.016,4.247
236,0.017,0.013,4.260
237,0.017,0.018,4.278
238,0.017,0.014,4.292
239,0.016,0.016,4.307
240,0.016,0.017,4.324
241,0.017,0.013,4.338
242,0.016,0.015,4.353
243,0.018,0.013,4.366
244,0.017,0.016,4.382
245,0.016,0.015,4.397
246,0.016,0.015,4.411
247,0.016,0.016,4.427
248,0.016,0.014,4.441
249,0.016,0.014,4.455
250,0.016,0.017,4.472
251,0.016,0.015,4.487
252,0.016,0.013,4.500
253,0.016,0.014,4.513
254,0.017,0.017,4.530
255,0.016,0.013,4.543
256,0.016,0.015,4.558
257,0.016,0.020,4.577
258,0.016,0.013,4.591
259,0.016,0.013,4.604
260,0.017,0.015,4.618
261,0.017,0.014,4.633
262,0.017,0.014,4.647
263,0.017,0.013,4.660
264,0.016,0.017,4.677
265,0.016,0.013,4.690
266,0.018,0.012,4.703
267,0.017,0.013,4.716
268,0.017,0.015,4.731
269,0.017,0.014,4.744
270,0.016,0.015,4.759
271,0.017,0.018,4.778
272,0.017,0.014,4.792
273,0.017,0.014,4.806
274,0.017,0.016,4.822
275,0.017,0.014,4.836
276,0.017,0.014,4.850
277,0.017,0.017,4.867
278,0.017,0.017,4.884
279,0.018,0.013,4.898
280,0.018,0.012,4.910
281,0.018,0.016,4.926
282,0.018,0.016,4.942
283,0.017,0.013,4.955
284,0.017,0.018,4.973
285,0.018,0.014,4.987
286,0.018,0.014,5.000
287,0.018,0.013,5.013
288,0.018,0.016,5.029
289,0.018,0.015,5.044
290,0.017,0.015,5.058
291,0.017,0.018,5.076
292,0.017,0.014,5.091
293,0.016,0.013,5.103
294,0.016,0.015,5.119
295,0.017,0.015,5.134
296,0.016,0.014,5.148
297,0.016,0.014,5.162
298,0.016,0.018,5.180
299,0.016,0.014,5.194
300,0.016,0.014,5.208
301,0.016,0.017,5.225
302,0.017,0.014,5.239
303,0.016,0.013,5.253
304,0.017,0.014,5.267
305,0.016,0.017,5.284
306,0.016,0.015,5.299
307,0.018,0.015,5.314
308,0.018,0.016,5.330
309,0.018,0.014,5.344
310,0.017,0.013,5.357
311,0.017,0.017,5.374
312,0.017,0.015,5.389
313,0.017,0.015,5.403
314,0.017,0.015,5.418
315,0.018,0.014,5.432
316,0.018,0.014,5.446
317,0.018,0.016,5.462
318,0.017,0.018,5.480
319,0.017,0.013,5.493
320,0.017,0.014,5.507
321,0.017,0.017,5.523
322,0.017,0.014,5.538
323,0.017,0.014,5.552
324,0.017,0.015,5.566
325,0.018,0.015,5.581
326,0.018,0.013,5.595
327,0.018,0.013,5.607
328,0.018,0.020,5.628
329,0.017,0.014,5.641
330,0.017,0.013,5.655
331,0.018,0.016,5.670
332,0.017,0.016,5.686
333,0.017,0.012,5.698
334,0.018,0.012,5.710
335,0.017,0.017,5.728
336,0.018,0.014,5.742
337,0.017,0.014,5.755
338,0.018,0.018,5.773
339,0.018,0.014,5.787
340,0.019,0.013,5.801
341,0.018,0.014,5.815
342,0.019,0.017,5.832
343,0.018,0.013,5.845
344,0.017,0.014,5.859
345,0.018,0.018,5.877
346,0.017,0.013,5.890
347,0.018,0.015,5.905
348,0.018,0.018,5.923
349,0.018,0.014,5.937
350,0.019,0.012,5.949
351,0.019,0.013,5.962
352,0.018,0.015,5.977
353,0.019,0.013,5.990
354,0.019,0.013,6.003
355,0.019,0.017,6.020
356,0.019,0.014,6.035
357,0.020,0.014,6.049
358,0.020,0.015,6.064
359,0.020,0.016,6.080
360,0.019,0.013,6.094
361,0.018,0.012,6.105
362,0.019,0.013,6.119
363,0.019,0.014,6.133
364,0.019,0.012,6.145
365,0.019,0.014,6.159
366,0.019,0.015,6.175
367,0.019,0.013,6.188
368,0.019,0.013,6.201
369,0.019,0.015,6.216
370,0.019,0.014,6.230
371,0.020,0.013,6.243
372,0.020,0.013,6.256
373,0.020,0.017,6.272
374,0.019,0.013,6.286
375,0.019,0.012,6.298
376,0.018,0.012,6.310
377,0.019,0.018,6.327
378,0.018,0.013,6.340
379,0.019,0.013,6.353
380,0.019,0.015,6.368
381,0.018,0.016,6.384
382,0.017,0.014,6.398
383,0.017,0.012,6.410
384,0.019,0.016,6.426
385,0.018,0.014,6.440
386,0.017,0.013,6.454
387,0.017,0.017,6.471
388,0.017,0.015,6.486
389,0.018,0.013,6.498
390,0.018,0.013,6.511
391,0.018,0.016,6.527
392,0.018,0.013,6.541
393,0.018,0.014,6.554
394,0.018,0.016,6.570
395,0.019,0.015,6.585
396,0.018,0.015,6.600
397,0.018,0.013,6.613
398,0.018,0.018,6.631
399,0.018,0.013,6.644
400,0.017,0.013,6.657
401,0.018,0.015,6.672
402,0.019,0.014,6.685
403,0.018,0.012,6.697
404,0.018,0.012,6.709
405,0.018,0.015,6.724
406,0.018,0.013,6.737
407,0.018,0.013,6.751
408,0.018,0.013,6.764
409,0.019,0.016,6.780
410,0.018,0.012,6.791
411,0.019,0.012,6.803
412,0.019,0.012,6.815
413,0.019,0.016,6.830
414,0.019,0.014,6.844
415,0.018,0.013,6.857
416,0.018,0.013,6.870
417,0.019,0.015,6.885
418,0.019,0.012,6.896
419,0.019,0.012,6.908
420,0.018,0.014,6.923
421,0.019,0.013,6.936
422,0.020,0.012,6.948
423,0.019,0.013,6.961
424,0.019,0.017,6.978
425,0.019,0.012,6.990
426,0.019,0.013,7.003
427,0.019,0.012,7.015
428,0.019,0.015,7.030
429,0.019,0.013,7.043
430,0.019,0.012,7.055
431,0.020,0.015,7.070
432,0.020,0.016,7.086
433,0.019,0.013,7.099
434,0.019,0.012,7.111
435,0.019,0.017,7.128
436,0.019,0.016,7.143
437,0.019,0.011,7.155
438,0.018,0.012,7.167
439,0.018,0.019,7.186
440,0.019,0.014,7.200
441,0.019,0.012,7.212
442,0.019,0.015,7.227
443,0.019,0.015,7.242
444,0.019,0.011,7.253
445,0.019,0.014,7.267
446,0.019,0.016,7.283
447,0.019,0.015,7.298
448,0.019,0.013,7.311
449,0.019,0.017,7.328
450,0.019,0.013,7.341
451,0.019,0.012,7.353
452,0.020,0.012,7.365
453,0.020,0.015,7.380
454,0.019,0.015,7.395
455,0.018,0.013,7.407
456,0.019,0.012,7.419
457,0.019,0.018,7.437
458,0.019,0.013,7.450
459,0.019,0.012,7.462
460,0.019,0.013,7.475
461,0.020,0.014,7.489
462,0.019,0.012,7.502
463,0.020,0.012,7.514
464,0.020,0.016,7.530
465,0.020,0.015,7.545
466,0.019,0.013,7.558
467,0.019,0.014,7.573
468,0.019,0.014,7.587
469,0.019,0.013,7.600
470,0.020,0.012,7.612
471,0.019,0.015,7.627
472,0.019,0.014,7.641
473,0.019,0.014,7.655
474,0.020,0.014,7.668
475,0.020,0.020,7.689
476,0.019,0.016,7.705
477,0.019,0.018,7.723
478,0.018,0.018,7.740
479,0.018,0.012,7.752
480,0.018,0.013,7.765
481,0.019,0.016,7.781
482,0.019,0.014,7.795
483,0.019,0.014,7.809
484,0.018,0.013,7.821
485,0.018,0.017,7.839
486,0.019,0.013,7.852
487,0.019,0.013,7.865
488,0.019,0.015,7.880
489,0.019,0.013,7.893
490,0.019,0.013,7.906
491,0.019,0.015,7.922
492,0.020,0.016,7.938
493,0.019,0.012,7.949
494,0.019,0.013,7.962
495,0.020,0.015,7.977
496,0.019,0.015,7.992
497,0.018,0.013,8.004
498,0.020,0.011,8.016
499,0.019,0.016,8.032
500,0.019,0.016,8.047
501,0.019,0.013,8.060
502,0.018,0.013,8.073
503,0.019,0.015,8.087
504,0.019,0.013,8.100
505,0.018,0.012,8.113
506,0.018,0.015,8.128
507,0.019,0.013,8.141
508,0.018,0.014,8.156
509,0.018,0.014,8.170
510,0.018,0.016,8.186
511,0.018,0.012,8.198
512,0.019,0.012,8.210
513,0.018,0.015,8.225
514,0.018,0.014,8.239
515,0.018,0.013,8.252
516,0.017,0.018,8.270
517,0.017,0.016,8.286
518,0.017,0.013,8.299
519,0.017,0.013,8.312
520,0.017,0.017,8.329
521,0.017,0.013,8.342
522,0.017,0.012,8.354
523,0.018,0.013,8.367
524,0.018,0.020,8.387
525,0.017,0.012,8.400
526,0.017,0.013,8.412
527,0.017,0.016,8.429
528,0.017,0.014,8.442
529,0.017,0.013,8.455
530,0.017,0.012,8.467
531,0.018,0.020,8.487
532,0.017,0.014,8.501
533,0.017,0.014,8.514
534,0.017,0.015,8.529
535,0.017,0.016,8.546
536,0.017,0.014,8.560
537,0.017,0.016,8.576
538,0.017,0.014,8.590
539,0.017,0.014,8.604
540,0.017,0.013,8.617
541,0.017,0.019,8.637
542,0.017,0.014,8.651
543,0.017,0.015,8.665
544,0.016,0.017,8.683
545,0.017,0.013,8.695
546,0.017,0.013,8.708
547,0.017,0.013,8.721
548,0.017,0.017,8.738
549,0.016,0.015,8.753
550,0.017,0.014,8.767
551,0.017,0.018,8.786
552,0.017,0.013,8.799
553,0.017,0.014,8.812
554,0.018,0.017,8.829
555,0.017,0.013,8.843
556,0.017,0.015,8.858
557,0.017,0.016,8.874
558,0.017,0.015,8.889
559,0.017,0.014,8.903
560,0.017,0.014,8.917
561,0.018,0.016,8.933
562,0.017,0.013,8.946
563,0.017,0.014,8.960
564,0.017,0.018,8.978
565,0.018,0.015,8.992
566,0.018,0.014,9.006
567,0.018,0.014,9.020
568,0.019,0.021,9.041
569,0.018,0.014,9.055
570,0.018,0.012,9.067
571,0.018,0.016,9.083
572,0.017,0.016,9.099
573,0.017,0.015,9.114
574,0.017,0.016,9.129
575,0.017,0.014,9.143
576,0.017,0.014,9.157
577,0.017,0.013,9.170
578,0.018,0.019,9.189
579,0.019,0.014,9.203
580,0.019,0.013,9.217
581,0.018,0.016,9.232
582,0.018,0.014,9.247
583,0.019,0.013,9.259
584,0.019,0.012,9.272
585,0.018,0.015,9.287
586,0.018,0.015,9.302
587,0.018,0.013,9.315
588,0.017,0.016,9.331
589,0.019,0.016,9.347
590,0.019,0.013,9.360
591,0.017,0.012,9.373
592,0.018,0.015,9.388
593,0.017,0.014,9.402
594,0.018,0.014,9.416
595,0.018,0.013,9.429
596,0.018,0.017,9.446
597,0.018,0.012,9.458
598,0.019,0.014,9.472
599,0.019,0.017,9.489
600,0.019,0.013,9.502
601,0.018,0.012,9.515
602,0.018,0.015,9.530
603,0.018,0.017,9.547
604,0.019,0.013,9.560
605,0.018,0.013,9.573
606,0.018,0.016,9.589
607,0.018,0.014,9.603
608,0.018,0.014,9.617
609,0.018,0.013,9.630
610,0.018,0.017,9.647
611,0.018,0.016,9.663
612,0.018,0.014,9.677
613,0.018,0.017,9.694
614,0.018,0.014,9.708
615,0.018,0.013,9.721
616,0.018,0.017,9.739
617,0.017,0.014,9.752
618,0.018,0.013,9.765
619,0.018,0.013,9.778
620,0.018,0.017,9.794
621,0.018,0.013,9.807
622,0.019,0.013,9.820
623,0.019,0.019,9.839
624,0.019,0.014,9.853
625,0.019,0.013,9.866
626,0.019,0.013,9.879
627,0.019,0.016,9.895
628,0.018,0.013,9.908
629,0.019,0.012,9.920
630,0.019,0.015,9.935
631,0.020,0.014,9.949
632,0.019,0.012,9.961
633,0.020,0.014,9.975
634,0.019,0.019,9.994
635,0.019,0.014,10.008
636,0.020,0.013,10.020
637,0.020,0.016,10.036
638,0.020,0.014,10.050
639,0.020,0.012,10.062
640,0.020,0.013,10.075
641,0.020,0.016,10.091
642,0.020,0.012,10.103
643,0.021,0.013,10.117
644,0.020,0.013,10.129
645,0.019,0.016,10.146
646,0.019,0.015,10.161
647,0.020,0.013,10.174
648,0.020,0.016,10.190
649,0.020,0.012,10.202
650,0.020,0.013,10.215
651,0.020,0.012,10.226
652,0.020,0.015,10.241
653,0.020,0.012,10.254
654,0.019,0.013,10.266
655,0.019,0.013,10.280
656,0.019,0.016,10.295
657,0.020,0.014,10.309
658,0.020,0.013,10.323
659,0.020,0.015,10.337
660,0.020,0.014,10.351
661,0.019,0.013,10.364
662,0.019,0.011,10.375
663,0.019,0.014,10.390
664,0.019,0.013,10.403
665,0.019,0.012,10.415
666,0.019,0.014,10.429
667,0.019,0.016,10.444
668,0.018,0.013,10.457
669,0.019,0.012,10.469
670,0.018,0.013,10.481
671,0.019,0.016,10.497
672,0.019,0.014,10.511
673,0.019,0.014,10.525
674,0.018,0.016,10.541
675,0.018,0.013,10.554
676,0.019,0.013,10.567
677,0.019,0.013,10.581
678,0.019,0.018,10.599
679,0.018,0.013,10.613
680,0.020,0.012,10.625
681,0.020,0.014,10.639
682,0.019,0.014,10.653
683,0.019,0.013,10.666
684,0.018,0.013,10.679
685,0.019,0.016,10.695
686,0.018,0.013,10.708
687,0.018,0.012,10.721
688,0.018,0.014,10.734
689,0.019,0.016,10.751
690,0.019,0.013,10.764
691,0.020,0.012,10.776
692,0.020,0.013,10.789
693,0.020,0.015,10.804
694,0.020,0.013,10.817
695,0.020,0.013,10.831
696,0.021,0.017,10.848
697,0.019,0.013,10.861
698,0.019,0.012,10.873
699,0.020,0.013,10.885
700,0.020,0.016,10.901
701,0.020,0.012,10.913
702,0.019,0.013,10.926
703,0.019,0.015,10.940
704,0.019,0.013,10.954
705,0.020,0.012,10.966
706,0.020,0.012,10.978
707,0.020,0.016,10.994
708,0.020,0.013,11.007
709,0.020,0.014,11.021
710,0.020,0.012,11.033
711,0.020,0.017,11.051
712,0.020,0.012,11.062
713,0.020,0.012,11.074
714,0.020,0.016,11.091
715,0.020,0.014,11.105
716,0.020,0.012,11.116
717,0.021,0.012,11.129
718,0.020,0.015,11.143
719,0.020,0.016,11.159
720,0.020,0.012,11.171
721,0.020,0.012,11.183
722,0.020,0.017,11.200
723,0.020,0.012,11.212
724,0.021,0.012,11.224
725,0.020,0.012,11.236
726,0.020,0.018,11.254
727,0.021,0.013,11.267
728,0.021,0.013,11.281
729,0.020,0.018,11.298
730,0.020,0.012,11.311
731,0.021,0.012,11.323
732,0.021,0.012,11.335
733,0.021,0.016,11.351
734,0.020,0.014,11.365
735,0.020,0.012,11.377
736,0.020,0.013,11.390
737,0.020,0.014,11.405
738,0.019,0.012,11.417
739,0.019,0.013,11.430
740,0.019,0.014,11.445
741,0.019,0.013,11.458
742,0.020,0.014,11.471
743,0.020,0.013,11.484
744,0.019,0.015,11.499
745,0.019,0.014,11.513
746,0.019,0.014,11.527
747,0.019,0.015,11.541
748,0.019,0.015,11.556
749,0.019,0.013,11.569
750,0.019,0.013,11.582
751,0.019,0.016,11.598
752,0.019,0.013,11.610
753,0.019,0.014,11.624
754,0.019,0.014,11.638
755,0.019,0.017,11.654
756,0.019,0.013,11.668
757,0.019,0.012,11.680
758,0.019,0.016,11.696
759,0.019,0.013,11.709
760,0.018,0.014,11.723
761,0.018,0.013,11.736
762,0.018,0.015,11.752
763,0.019,0.013,11.765
764,0.020,0.013,11.777
765,0.020,0.013,11.790
766,0.019,0.015,11.805
767,0.019,0.015,11.820
768,0.019,0.013,11.832
769,0.019,0.017,11.850
770,0.019,0.014,11.863
771,0.018,0.015,11.878
772,0.018,0.016,11.894
773,0.019,0.014,11.908
774,0.018,0.014,11.922
775,0.019,0.012,11.934
776,0.019,0.020,11.954
777,0.019,0.013,11.967
778,0.019,0.012,11.979
779,0.018,0.014,11.993
780,0.019,0.013,12.007
781,0.019,0.014,12.021
782,0.019,0.014,12.035
783,0.020,0.016,12.051
784,0.020,0.013,12.064
785,0.019,0.014,12.078
786,0.019,0.013,12.091
787,0.019,0.015,12.106
788,0.021,0.016,12.122
789,0.019,0.014,12.136
790,0.020,0.017,12.152
791,0.020,0.012,12.165
792,0.021,0.013,12.178
793,0.021,0.013,12.190
794,0.021,0.018,12.209
795,0.021,0.012,12.221
796,0.021,0.012,12.233
797,0.021,0.014,12.247
798,0.022,0.015,12.262
799,0.021,0.013,12.275
800,0.021,0.011,12.286
801,0.021,0.015,12.302
802,0.021,0.013,12.314
803,0.021,0.013,12.328
804,0.022,0.014,12.342
805,0.021,0.014,12.356
806,0.021,0.013,12.369
807,0.022,0.013,12.381
808,0.022,0.013,12.394
809,0.022,0.015,12.409
810,0.022,0.012,12.421
811,0.021,0.013,12.434
812,0.021,0.015,12.449
813,0.021,0.013,12.462
814,0.022,0.011,12.474
815,0.022,0.012,12.486
816,0.022,0.016,12.501
817,0.022,0.013,12.514
818,0.022,0.012,12.526
819,0.021,0.012,12.538
820,0.021,0.020,12.558
821,0.022,0.012,12.569
822,0.022,0.012,12.582
823,0.022,0.014,12.596
824,0.022,0.013,12.609
825,0.022,0.012,12.621
826,0.022,0.011,12.633
827,0.023,0.014,12.646
828,0.023,0.014,12.660
829,0.023,0.013,12.673
830,0.023,0.011,12.684
831,0.022,0.013,12.698
832,0.023,0.013,12.710
833,0.022,0.013,12.723
834,0.022,0.012,12.735
835,0.022,0.015,12.750
836,0.023,0.014,12.764
837,0.023,0.012,12.776
838,0.023,0.012,12.787
839,0.022,0.014,12.802
840,0.022,0.013,12.815
841,0.022,0.012,12.827
842,0.023,0.012,12.839
843,0.023,0.016,12.855
844,0.023,0.012,12.867
845,0.023,0.011,12.878
846,0.023,0.012,12.890
847,0.023,0.015,12.904
848,0.024,0.013,12.917
849,0.023,0.013,12.930
850,0.024,0.013,12.942
851,0.023,0.015,12.957
852,0.024,0.013,12.969
853,0.024,0.011,12.980
854,0.023,0.011,12.992
855,0.024,0.014,13.006
856,0.024,0.012,13.018
857,0.024,0.012,13.029
858,0.024,0.013,13.042
859,0.024,0.015,13.057
860,0.024,0.012,13.069
861,0.023,0.012,13.081
862,0.023,0.012,13.093
863,0.022,0.015,13.107
864,0.023,0.011,13.119
865,0.023,0.012,13.130
866,0.022,0.013,13.143
867,0.023,0.017,13.160
868,0.023,0.012,13.173
869,0.023,0.013,13.186
870,0.024,0.013,13.199
871,0.023,0.013,13.213
872,0.023,0.015,13.227
873,0.022,0.012,13.239
874,0.022,0.018,13.257
875,0.022,0.013,13.270
876,0.021,0.012,13.282
877,0.021,0.016,13.297
878,0.022,0.014,13.312
879,0.022,0.013,13.325
880,0.022,0.012,13.337
881,0.021,0.015,13.352
882,0.022,0.012,13.364
883,0.021,0.012,13.377
884,0.021,0.013,13.390
885,0.021,0.016,13.406
886,0.021,0.013,13.420
887,0.021,0.012,13.432
888,0.022,0.014,13.446
889,0.022,0.016,13.462
890,0.021,0.012,13.474
891,0.021,0.013,13.487
892,0.021,0.018,13.504
893,0.021,0.014,13.518
894,0.021,0.012,13.530
895,0.022,0.012,13.542
896,0.022,0.017,13.559
897,0.021,0.013,13.572
898,0.021,0.012,13.584
899,0.022,0.012,13.596
900,0.022,0.014,13.611
901,0.021,0.013,13.624
902,0.021,0.013,13.636
903,0.021,0.015,13.652
904,0.022,0.014,13.666
905,0.021,0.012,13.678
906,0.022,0.012,13.690
907,0.022,0.015,13.705
908,0.022,0.013,13.718
909,0.022,0.014,13.731
910,0.021,0.014,13.745
911,0.021,0.016,13.761
912,0.021,0.013,13.774
913,0.020,0.013,13.787
914,0.021,0.015,13.802
915,0.020,0.016,13.817
916,0.021,0.015,13.832
917,0.020,0.012,13.844
918,0.021,0.016,13.859
919,0.020,0.012,13.872
920,0.021,0.012,13.884
921,0.020,0.014,13.898
922,0.020,0.013,13.911
923,0.021,0.013,13.925
924,0.021,0.013,13.938
925,0.020,0.016,13.954
926,0.021,0.013,13.967
927,0.021,0.013,13.980
928,0.021,0.013,13.993
929,0.020,0.018,14.011
930,0.020,0.012,14.023
931,0.020,0.012,14.035
932,0.021,0.015,14.050
933,0.021,0.014,14.064
934,0.021,0.012,14.076
935,0.021,0.012,14.088
936,0.021,0.017,14.105
937,0.021,0.012,14.117
938,0.021,0.014,14.131
939,0.021,0.014,14.145
940,0.021,0.015,14.160
941,0.020,0.012,14.172
942,0.021,0.012,14.184
943,0.021,0.016,14.200
944,0.022,0.015,14.215
945,0.021,0.011,14.226
946,0.021,0.012,14.238
947,0.021,0.015,14.254
948,0.021,0.013,14.266
949,0.021,0.013,14.279
950,0.021,0.013,14.292
951,0.021,0.015,14.307
952,0.021,0.015,14.322
953,0.021,0.012,14.334
954,0.020,0.014,14.348
955,0.021,0.013,14.361
956,0.021,0.011,14.372
957,0.022,0.011,14.384
958,0.021,0.018,14.402
959,0.021,0.013,14.415
960,0.021,0.013,14.428
961,0.021,0.014,14.442
962,0.021,0.018,14.460
963,0.021,0.012,14.471
964,0.020,0.011,14.483
965,0.021,0.015,14.498
966,0.020,0.014,14.511
967,0.022,0.011,14.523
968,0.021,0.013,14.536
969,0.022,0.015,14.551
970,0.021,0.013,14.564
971,0.021,0.011,14.575
972,0.021,0.013,14.588
973,0.022,0.016,14.604
974,0.021,0.012,14.617
975,0.021,0.013,14.629
976,0.021,0.011,14.640
977,0.022,0.015,14.655
978,0.021,0.013,14.668
979,0.022,0.012,14.680
980,0.022,0.014,14.695
981,0.022,0.016,14.711
982,0.021,0.011,14.722
983,0.022,0.011,14.733
984,0.022,0.014,14.747
985,0.022,0.014,14.761
986,0.023,0.011,14.772
987,0.022,0.011,14.783
988,0.022,0.015,14.798
989,0.022,0.014,14.812
990,0.023,0.012,14.824
991,0.022,0.011,14.835
992,0.022,0.014,14.849
993,0.022,0.015,14.864
994,0.023,0.012,14.876
995,0.023,0.011,14.887
996,0.023,0.015,14.902
997,0.022,0.012,14.914
998,0.022,0.012,14.926
999,0.022,0.011,14.937
1000,0.022,0.015,14.952
1001,0.022,0.012,14.964
1002,0.023,0.011,14.975
1003,0.022,0.012,14.988
1004,0.022,0.015,15.003
1005,0.022,0.014,15.017
1006,0.022,0.011,15.028
1007,0.023,0.012,15.041
1008,0.023,0.015,15.056
1009,0.022,0.012,15.067
1010,0.022,0.011,15.078
1011,0.022,0.011,15.089
1012,0.022,0.014,15.103
1013,0.022,0.011,15.115
1014,0.022,0.012,15.127
1015,0.023,0.013,15.140
1016,0.022,0.018,15.157
1017,0.022,0.011,15.169
1018,0.022,0.012,15.180
1019,0.022,0.015,15.196
1020,0.022,0.013,15.209
1021,0.023,0.011,15.220
1022,0.021,0.011,15.231
1023,0.023,0.016,15.247
1024,0.024,0.013,15.261
1025,0.024,0.011,15.272
1026,0.022,0.011,15.282
1027,0.022,0.013,15.295
1028,0.022,0.013,15.308
1029,0.022,0.012,15.321
1030,0.022,0.011,15.332
1031,0.022,0.017,15.349
1032,0.022,0.012,15.361
1033,0.022,0.014,15.375
1034,0.023,0.013,15.387
1035,0.022,0.013,15.400
1036,0.022,0.012,15.412
1037,0.023,0.011,15.423
1038,0.023,0.011,15.435
1039,0.023,0.015,15.450
1040,0.024,0.011,15.461
1041,0.024,0.010,15.471
1042,0.022,0.011,15.482
1043,0.023,0.016,15.498
1044,0.022,0.012,15.510
1045,0.023,0.012,15.522
1046,0.023,0.011,15.534
1047,0.023,0.015,15.548
1048,0.023,0.012,15.560
1049,0.023,0.011,15.572
1050,0.022,0.011,15.582
1051,0.022,0.013,15.595
1052,0.022,0.013,15.609
1053,0.022,0.012,15.621
1054,0.022,0.012,15.632
1055,0.022,0.013,15.646
1056,0.022,0.014,15.660
1057,0.023,0.012,15.672
1058,0.022,0.013,15.685
1059,0.022,0.017,15.702
1060,0.022,0.011,15.713
1061,0.021,0.012,15.725
1062,0.021,0.012,15.737
1063,0.022,0.016,15.752
1064,0.022,0.011,15.764
1065,0.022,0.011,15.775
1066,0.022,0.011,15.785
1067,0.022,0.017,15.803
1068,0.022,0.013,15.815
1069,0.022,0.012,15.827
1070,0.023,0.012,15.840
1071,0.023,0.014,15.854
1072,0.023,0.014,15.868
1073,0.023,0.011,15.879
1074,0.023,0.011,15.890
1075,0.023,0.014,15.904
1076,0.023,0.011,15.915
1077,0.023,0.012,15.927
1078,0.023,0.011,15.938
1079,0.023,0.016,15.954
1080,0.023,0.013,15.967
1081,0.022,0.012,15.979
1082,0.023,0.014,15.992
1083,0.023,0.015,16.008
1084,0.024,0.012,16.020
1085,0.023,0.012,16.032
1086,0.023,0.013,16.045
1087,0.023,0.012,16.057
1088,0.023,0.012,16.069
1089,0.025,0.011,16.081
1090,0.025,0.014,16.095
1091,0.025,0.011,16.106
1092,0.023,0.012,16.118
1093,0.023,0.012,16.130
1094,0.023,0.013,16.143
1095,0.023,0.013,16.156
1096,0.024,0.011,16.167
1097,0.023,0.012,16.179
1098,0.024,0.014,16.193
1099,0.022,0.013,16.206
1100,0.023,0.011,16.217
1101,0.023,0.011,16.228
1102,0.022,0.014,16.242
1103,0.022,0.012,16.254
1104,0.022,0.011,16.265
1105,0.021,0.012,16.277
1106,0.022,0.015,16.292
1107,0.022,0.013,16.304
1108,0.022,0.011,16.315
1109,0.021,0.012,16.327
1110,0.020,0.014,16.341
1111,0.021,0.015,16.356
1112,0.021,0.013,16.369
1113,0.021,0.011,16.380
1114,0.020,0.017,16.397
1115,0.021,0.012,16.408
1116,0.021,0.012,16.420
1117,0.021,0.012,16.432
1118,0.020,0.015,16.447
1119,0.021,0.011,16.458
1120,0.021,0.011,16.469
1121,0.021,0.011,16.481
1122,0.022,0.016,16.497
1123,0.021,0.013,16.510
1124,0.021,0.011,16.521
1125,0.021,0.012,16.533
1126,0.022,0.015,16.548
1127,0.022,0.011,16.559
1128,0.021,0.012,16.571
1129,0.021,0.011,16.582
1130,0.021,0.015,16.597
1131,0.021,0.011,16.608
1132,0.020,0.012,16.620
1133,0.021,0.011,16.631
1134,0.021,0.015,16.646
1135,0.022,0.012,16.658
1136,0.021,0.012,16.670
1137,0.021,0.012,16.682
1138,0.021,0.017,16.698
1139,0.022,0.012,16.710
1140,0.022,0.013,16.722
1141,0.022,0.011,16.733
1142,0.021,0.014,16.747
1143,0.022,0.011,16.758
1144,0.022,0.012,16.770
1145,0.022,0.011,16.781
1146,0.022,0.016,16.797
1147,0.022,0.014,16.811
1148,0.023,0.012,16.823
1149,0.022,0.013,16.836
1150,0.021,0.016,16.852
1151,0.021,0.013,16.865
1152,0.022,0.014,16.879
1153,0.021,0.016,16.895
1154,0.022,0.011,16.906
1155,0.021,0.013,16.919
1156,0.021,0.013,16.932
1157,0.020,0.016,16.947
1158,0.022,0.015,16.962
1159,0.021,0.015,16.977
1160,0.022,0.016,16.992
1161,0.021,0.014,17.006
1162,0.022,0.012,17.018
1163,0.022,0.011,17.029
1164,0.021,0.014,17.044
1165,0.021,0.038,17.082
1166,0.022,0.018,17.100
1167,0.022,0.013,17.113
1168,0.022,0.011,17.125
1169,0.022,0.012,17.136
1170,0.021,0.016,17.153
1171,0.022,0.012,17.164
1172,0.023,0.011,17.176
1173,0.022,0.012,17.187
1174,0.021,0.014,17.202
1175,0.022,0.013,17.214
1176,0.022,0.011,17.226
1177,0.022,0.013,17.239
1178,0.021,0.014,17.253
1179,0.022,0.012,17.265
1180,0.022,0.012,17.277
1181,0.021,0.014,17.291
1182,0.021,0.012,17.304
1183,0.021,0.013,17.316
1184,0.021,0.012,17.328
1185,0.021,0.014,17.342
1186,0.021,0.012,17.354
1187,0.022,0.012,17.366
1188,0.021,0.011,17.378
1189,0.022,0.014,17.392
1190,0.022,0.013,17.405
1191,0.021,0.014,17.418
1192,0.022,0.012,17.430
1193,0.022,0.014,17.445
1194,0.021,0.013,17.458
1195,0.021,0.012,17.470
1196,0.020,0.013,17.482
1197,0.021,0.016,17.498
1198,0.021,0.012,17.511
1199,0.020,0.011,17.522
1200,0.021,0.012,17.534
1201,0.022,0.015,17.549
1202,0.021,0.014,17.563
1203,0.021,0.012,17.575
1204,0.021,0.011,17.586
1205,0.020,0.017,17.603
1206,0.020,0.013,17.617
1207,0.020,0.013,17.629
1208,0.021,0.014,17.643
1209,0.021,0.014,17.657
1210,0.021,0.012,17.669
1211,0.021,0.012,17.681
1212,0.021,0.018,17.699
1213,0.021,0.013,17.712
1214,0.022,0.012,17.724
1215,0.021,0.012,17.736
1216,0.022,0.014,17.750
1217,0.022,0.012,17.762
1218,0.022,0.012,17.774
1219,0.021,0.015,17.789
1220,0.020,0.015,17.804
1221,0.020,0.012,17.816
1222,0.019,0.013,17.830
1223,0.019,0.016,17.845
1224,0.020,0.013,17.858
1225,0.021,0.013,17.870
1226,0.021,0.013,17.884
1227,0.020,0.015,17.898
1228,0.021,0.013,17.911
1229,0.021,0.012,17.923
1230,0.021,0.014,17.937
1231,0.020,0.014,17.951
1232,0.021,0.014,17.965
1233,0.021,0.013,17.979
1234,0.020,0.017,17.996
1235,0.020,0.014,18.010
1236,0.020,0.012,18.022
1237,0.020,0.012,18.034
1238,0.020,0.015,18.049
1239,0.021,0.013,18.062
1240,0.021,0.013,18.075
1241,0.021,0.014,18.089
1242,0.021,0.016,18.105
1243,0.021,0.012,18.117
1244,0.020,0.012,18.129
1245,0.020,0.014,18.143
1246,0.020,0.013,18.156
1247,0.020,0.012,18.168
1248,0.020,0.012,18.180
1249,0.020,0.016,18.196
1250,0.020,0.013,18.209
1251,0.019,0.012,18.221
1252,0.019,0.013,18.234
1253,0.020,0.014,18.249
1254,0.021,0.013,18.262
1255,0.021,0.012,18.273
1256,0.021,0.015,18.289
1257,0.020,0.014,18.303
1258,0.020,0.012,18.314
1259,0.020,0.011,18.326
1260,0.020,0.015,18.341
1261,0.021,0.014,18.355
1262,0.022,0.013,18.368
1263,0.021,0.012,18.379
1264,0.021,0.016,18.395
1265,0.021,0.012,18.407
1266,0.021,0.012,18.419
1267,0.021,0.011,18.431
1268,0.022,0.014,18.445
1269,0.022,0.012,18.457
1270,0.021,0.013,18.470
1271,0.021,0.018,18.487
1272,0.022,0.015,18.502
1273,0.021,0.014,18.517
1274,0.021,0.013,18.530
1275,0.021,0.015,18.544
1276,0.020,0.012,18.557
1277,0.020,0.012,18.568
1278,0.021,0.012,18.580
1279,0.021,0.015,18.595
1280,0.021,0.014,18.609
1281,0.021,0.012,18.621
1282,0.021,0.013,18.634
1283,0.020,0.015,18.648
1284,0.020,0.011,18.660
1285,0.020,0.012,18.672
1286,0.020,0.015,18.686
1287,0.021,0.013,18.699
1288,0.021,0.012,18.711
1289,0.020,0.014,18.726
1290,0.021,0.016,18.742
1291,0.020,0.012,18.754
1292,0.019,0.012,18.766
1293,0.021,0.012,18.778
1294,0.020,0.016,18.794
1295,0.021,0.012,18.807
1296,0.020,0.012,18.818
1297,0.021,0.013,18.831
1298,0.019,0.018,18.849
1299,0.020,0.012,18.860
1300,0.020,0.013,18.873
1301,0.020,0.015,18.888
1302,0.020,0.015,18.903
1303,0.020,0.012,18.914
1304,0.020,0.012,18.927
1305,0.020,0.017,18.944
1306,0.020,0.014,18.958
1307,0.020,0.014,18.971
1308,0.021,0.015,18.986
1309,0.021,0.016,19.002
1310,0.019,0.013,19.015
1311,0.019,0.013,19.027
1312,0.020,0.016,19.043
1313,0.019,0.013,19.056
1314,0.020,0.014,19.070
1315,0.021,0.013,19.083
1316,0.021,0.019,19.102
1317,0.020,0.012,19.114
1318,0.020,0.012,19.126
1319,0.020,0.015,19.141
1320,0.019,0.013,19.153
1321,0.019,0.013,19.166
1322,0.019,0.013,19.180
1323,0.020,0.017,19.196
1324,0.020,0.013,19.210
1325,0.020,0.015,19.225
1326,0.020,0.016,19.241
1327,0.019,0.013,19.254
1328,0.020,0.012,19.266
1329,0.021,0.012,19.278
1330,0.021,0.015,19.293
1331,0.021,0.013,19.306
1332,0.020,0.012,19.317
1333,0.020,0.014,19.331
1334,0.020,0.014,19.346
1335,0.020,0.012,19.358
1336,0.020,0.012,19.370
1337,0.020,0.012,19.382
1338,0.021,0.017,19.398
1339,0.020,0.013,19.412
1340,0.020,0.012,19.424
1341,0.020,0.015,19.439
1342,0.021,0.013,19.453
1343,0.020,0.013,19.465
1344,0.021,0.012,19.478
1345,0.021,0.018,19.495
1346,0.021,0.012,19.507
1347,0.021,0.013,19.520
1348,0.021,0.012,19.532
1349,0.021,0.018,19.550
1350,0.022,0.013,19.562
1351,0.022,0.012,19.574
1352,0.022,0.017,19.591
1353,0.021,0.013,19.604
1354,0.021,0.013,19.617
1355,0.021,0.012,19.629
1356,0.021,0.015,19.644
1357,0.022,0.015,19.659
1358,0.021,0.012,19.671
1359,0.021,0.015,19.686
1360,0.022,0.014,19.701
1361,0.022,0.012,19.712
1362,0.022,0.012,19.724
1363,0.022,0.014,19.739
1364,0.022,0.012,19.751
1365,0.022,0.013,19.764
1366,0.023,0.011,19.776
1367,0.023,0.015,19.791
1368,0.022,0.011,19.802
1369,0.023,0.013,19.814
1370,0.022,0.012,19.826
1371,0.021,0.015,19.841
1372,0.021,0.011,19.852
1373,0.022,0.013,19.865
1374,0.022,0.011,19.876
1375,0.022,0.015,19.891
1376,0.022,0.014,19.905
1377,0.022,0.013,19.918
1378,0.022,0.016,19.934
1379,0.022,0.013,19.946
1380,0.021,0.013,19.959
1381,0.021,0.015,19.974
1382,0.021,0.016,19.990
1383,0.021,0.012,20.001
1384,0.021,0.012,20.013
1385,0.021,0.011,20.024
1386,0.022,0.018,20.042
1387,0.022,0.011,20.053
1388,0.021,0.013,20.066
1389,0.023,0.011,20.077
1390,0.021,0.015,20.092
1391,0.022,0.015,20.107
1392,0.021,0.011,20.118
1393,0.021,0.013,20.131
1394,0.022,0.015,20.146
1395,0.021,0.014,20.159
1396,0.022,0.011,20.171
1397,0.021,0.013,20.184
1398,0.021,0.013,20.197
1399,0.022,0.014,20.211
1400,0.021,0.014,20.225
1401,0.021,0.015,20.240
1402,0.021,0.015,20.255
1403,0.021,0.011,20.266
1404,0.021,0.014,20.280
1405,0.022,0.016,20.296
1406,0.022,0.012,20.309
1407,0.021,0.013,20.321
1408,0.021,0.014,20.336
1409,0.021,0.014,20.350
1410,0.022,0.012,20.362
1411,0.022,0.011,20.373
1412,0.021,0.013,20.386
1413,0.022,0.012,20.398
1414,0.021,0.016,20.414
1415,0.021,0.013,20.427
1416,0.021,0.016,20.443
1417,0.021,0.017,20.460
1418,0.022,0.012,20.472
1419,0.021,0.014,20.486
1420,0.023,0.013,20.499
1421,0.022,0.016,20.515
1422,0.021,0.013,20.528
1423,0.020,0.017,20.545
1424,0.021,0.012,20.557
1425,0.022,0.011,20.568
1426,0.022,0.011,20.579
1427,0.021,0.014,20.594
1428,0.021,0.012,20.606
1429,0.020,0.013,20.619
1430,0.021,0.012,20.632
1431,0.020,0.017,20.648
1432,0.020,0.012,20.660
1433,0.021,0.014,20.675
1434,0.021,0.016,20.691
1435,0.020,0.014,20.705
1436,0.021,0.013,20.718
1437,0.021,0.012,20.729
1438,0.021,0.017,20.746
1439,0.021,0.014,20.760
1440,0.021,0.012,20.772
1441,0.020,0.012,20.783
1442,0.021,0.015,20.799
1443,0.021,0.013,20.812
1444,0.021,0.011,20.824
1445,0.021,0.011,20.835
1446,0.021,0.018,20.853
1447,0.021,0.011,20.864
1448,0.022,0.013,20.877
1449,0.022,0.016,20.893
1450,0.021,0.016,20.909
1451,0.021,0.012,20.921
1452,0.020,0.011,20.932
1453,0.020,0.017,20.949
1454,0.020,0.012,20.961
1455,0.020,0.012,20.973
1456,0.020,0.012,20.985
1457,0.020,0.018,21.004
1458,0.020,0.014,21.017
1459,0.019,0.012,21.029
1460,0.020,0.015,21.044
1461,0.020,0.013,21.057
1462,0.020,0.014,21.071
1463,0.020,0.013,21.084
1464,0.020,0.015,21.099
1465,0.020,0.013,21.112
1466,0.020,0.012,21.124
1467,0.021,0.012,21.135
1468,0.020,0.016,21.151
1469,0.020,0.012,21.163
1470,0.020,0.013,21.176
1471,0.021,0.016,21.192
1472,0.021,0.014,21.207
1473,0.021,0.013,21.219
1474,0.021,0.014,21.233
1475,0.021,0.016,21.249
1476,0.021,0.012,21.261
1477,0.021,0.013,21.274
1478,0.021,0.013,21.287
1479,0.021,0.015,21.303
1480,0.021,0.013,21.315
1481,0.020,0.012,21.327
1482,0.020,0.012,21.340
1483,0.020,0.016,21.356
1484,0.020,0.014,21.370
1485,0.020,0.013,21.383
1486,0.020,0.017,21.400
1487,0.020,0.013,21.413
1488,0.020,0.012,21.425
1489,0.019,0.013,21.439
1490,0.020,0.017,21.455
1491,0.020,0.013,21.468
1492,0.020,0.013,21.481
1493,0.020,0.017,21.498
1494,0.020,0.013,21.511
1495,0.020,0.015,21.525
1496,0.020,0.013,21.538
1497,0.019,0.016,21.555
1498,0.019,0.013,21.567
1499,0.020,0.012,21.579
1500,0.020,0.012,21.591
1501,0.021,0.014,21.605
1502,0.020,0.013,21.618
1503,0.022,0.014,21.632
1504,0.022,0.016,21.648
1505,0.020,0.014,21.663
1506,0.019,0.012,21.674
1507,0.019,0.013,21.688
1508,0.019,0.019,21.706
1509,0.019,0.013,21.719
1510,0.019,0.013,21.732
1511,0.020,0.014,21.746
1512,0.020,0.016,21.762
1513,0.019,0.012,21.774
1514,0.020,0.012,21.786
1515,0.020,0.017,21.803
1516,0.020,0.013,21.816
1517,0.019,0.012,21.827
1518,0.019,0.012,21.839
1519,0.020,0.014,21.854
1520,0.020,0.013,21.866
1521,0.020,0.013,21.880
1522,0.020,0.013,21.893
1523,0.020,0.015,21.908
1524,0.019,0.013,21.921
1525,0.019,0.013,21.934
1526,0.019,0.014,21.948
1527,0.019,0.014,21.962
1528,0.019,0.012,21.974
1529,0.019,0.012,21.987
1530,0.019,0.015,22.002
1531,0.019,0.015,22.017
1532,0.019,0.013,22.030
1533,0.019,0.014,22.044
1534,0.019,0.016,22.060
1535,0.020,0.012,22.072
1536,0.019,0.016,22.088
1537,0.020,0.015,22.102
1538,0.020,0.015,22.117
1539,0.019,0.013,22.129
1540,0.019,0.014,22.144
1541,0.019,0.016,22.160
1542,0.021,0.013,22.172
1543,0.020,0.012,22.184
1544,0.019,0.017,22.200
1545,0.020,0.012,22.213
1546,0.020,0.012,22.224
1547,0.020,0.013,22.237
1548,0.019,0.015,22.252
1549,0.019,0.014,22.266
1550,0.019,0.012,22.278
1551,0.019,0.012,22.289
1552,0.019,0.015,22.304
1553,0.019,0.012,22.316
1554,0.019,0.013,22.329
1555,0.019,0.013,22.342
1556,0.019,0.016,22.358
1557,0.019,0.013,22.371
1558,0.018,0.012,22.383
1559,0.019,0.015,22.398
1560,0.019,0.013,22.411
1561,0.020,0.012,22.424
1562,0.020,0.013,22.436
1563,0.019,0.014,22.451
1564,0.019,0.012,22.463
1565,0.019,0.012,22.475
1566,0.019,0.013,22.488
1567,0.019,0.014,22.503
1568,0.019,0.012,22.515
1569,0.019,0.012,22.527
1570,0.019,0.014,22.541
1571,0.022,0.016,22.557
1572,0.019,0.012,22.569
1573,0.020,0.012,22.581
1574,0.019,0.016,22.597
1575,0.020,0.014,22.611
1576,0.020,0.013,22.624
1577,0.020,0.013,22.636
1578,0.020,0.015,22.651
1579,0.020,0.013,22.664
1580,0.019,0.012,22.676
1581,0.019,0.013,22.689
1582,0.019,0.017,22.706
1583,0.018,0.013,22.719
1584,0.019,0.012,22.731
1585,0.018,0.015,22.747
1586,0.019,0.016,22.763
1587,0.019,0.014,22.777
1588,0.019,0.013,22.789
1589,0.019,0.016,22.805
1590,0.019,0.012,22.817
1591,0.018,0.015,22.832
1592,0.019,0.015,22.847
1593,0.019,0.014,22.861
1594,0.019,0.013,22.873
1595,0.018,0.013,22.887
1596,0.019,0.015,22.901
1597,0.018,0.013,22.914
1598,0.018,0.012,22.927
1599,0.019,0.014,22.940
1600,0.018,0.015,22.956
1601,0.018,0.013,22.969
1602,0.019,0.012,22.981
1603,0.018,0.018,22.999
1604,0.018,0.013,23.012
1605,0.018,0.012,23.024
1606,0.020,0.012,23.037
1607,0.018,0.018,23.055
1608,0.018,0.012,23.067
1609,0.019,0.012,23.079
1610,0.018,0.016,23.095
1611,0.019,0.014,23.109
1612,0.018,0.013,23.123
1613,0.019,0.012,23.135
1614,0.018,0.018,23.153
1615,0.019,0.014,23.167
1616,0.019,0.013,23.180
1617,0.018,0.016,23.197
1618,0.018,0.015,23.211
1619,0.018,0.014,23.225
1620,0.018,0.014,23.239
1621,0.018,0.014,23.253
1622,0.018,0.013,23.266
1623,0.018,0.013,23.279
1624,0.017,0.016,23.295
1625,0.018,0.014,23.310
1626,0.017,0.014,23.324
1627,0.017,0.013,23.337
1628,0.017,0.017,23.354
1629,0.017,0.013,23.366
1630,0.018,0.013,23.379
1631,0.017,0.015,23.395
1632,0.017,0.016,23.410
1633,0.017,0.013,23.423
1634,0.017,0.014,23.437
1635,0.017,0.017,23.453
1636,0.017,0.013,23.466
1637,0.017,0.013,23.479
1638,0.017,0.015,23.494
1639,0.017,0.016,23.510
1640,0.017,0.013,23.524
1641,0.017,0.014,23.538
1642,0.017,0.017,23.555
1643,0.017,0.014,23.569
1644,0.018,0.012,23.581
1645,0.019,0.016,23.598
1646,0.019,0.014,23.612
1647,0.017,0.013,23.625
1648,0.019,0.013,23.638
1649,0.018,0.016,23.654
1650,0.018,0.014,23.668
1651,0.018,0.012,23.681
1652,0.018,0.018,23.699
1653,0.018,0.012,23.711
1654,0.018,0.013,23.724
1655,0.017,0.013,23.737
1656,0.018,0.016,23.754
1657,0.018,0.014,23.767
1658,0.018,0.014,23.782
1659,0.018,0.017,23.799
1660,0.018,0.013,23.812
1661,0.018,0.013,23.825
1662,0.017,0.015,23.840
1663,0.017,0.016,23.856
1664,0.017,0.015,23.871
1665,0.018,0.014,23.884
1666,0.017,0.018,23.903
1667,0.018,0.014,23.917
1668,0.019,0.014,23.931
1669,0.019,0.017,23.948
1670,0.019,0.013,23.961
1671,0.019,0.012,23.973
1672,0.019,0.014,23.987
1673,0.017,0.017,24.004
1674,0.019,0.013,24.017
1675,0.018,0.014,24.031
1676,0.019,0.015,24.047
1677,0.019,0.012,24.059
1678,0.018,0.013,24.071
1679,0.018,0.013,24.084
1680,0.018,0.016,24.100
1681,0.018,0.013,24.113
1682,0.019,0.012,24.125
1683,0.019,0.018,24.142
1684,0.017,0.014,24.156
1685,0.018,0.013,24.169
1686,0.018,0.012,24.181
1687,0.018,0.016,24.197
1688,0.019,0.012,24.210
1689,0.019,0.013,24.223
1690,0.019,0.015,24.238
1691,0.019,0.016,24.254
1692,0.019,0.014,24.268
1693,0.019,0.013,24.281
1694,0.020,0.014,24.295
1695,0.020,0.013,24.308
1696,0.018,0.014,24.321
1697,0.019,0.013,24.334
1698,0.019,0.017,24.351
1699,0.019,0.014,24.365
1700,0.019,0.014,24.379
1701,0.019,0.015,24.393
1702,0.019,0.014,24.407
1703,0.018,0.013,24.420
1704,0.019,0.014,24.434
1705,0.019,0.016,24.450
1706,0.019,0.016,24.465
1707,0.018,0.013,24.479
1708,0.019,0.015,24.494
1709,0.018,0.013,24.507
1710,0.019,0.013,24.520
1711,0.019,0.015,24.535
1712,0.018,0.016,24.551
1713,0.018,0.016,24.567
1714,0.018,0.012,24.579
1715,0.019,0.015,24.594
1716,0.019,0.012,24.607
1717,0.019,0.014,24.621
1718,0.019,0.014,24.634
1719,0.019,0.015,24.650
1720,0.019,0.014,24.663
1721,0.020,0.015,24.679
1722,0.020,0.017,24.696
1723,0.020,0.013,24.709
1724,0.019,0.013,24.721
1725,0.020,0.014,24.735
1726,0.020,0.016,24.751
1727,0.019,0.013,24.764
1728,0.019,0.014,24.778
1729,0.019,0.017,24.795
1730,0.019,0.013,24.807
1731,0.020,0.013,24.821
1732,0.021,0.016,24.837
1733,0.020,0.015,24.851
1734,0.020,0.014,24.865
1735,0.021,0.013,24.879
1736,0.020,0.016,24.895
1737,0.020,0.012,24.907
1738,0.020,0.013,24.920
1739,0.020,0.014,24.934
1740,0.020,0.017,24.951
1741,0.021,0.015,24.966
1742,0.021,0.014,24.979
1743,0.021,0.016,24.995
1744,0.021,0.014,25.009
1745,0.021,0.012,25.021
1746,0.021,0.011,25.032
1747,0.021,0.015,25.048
1748,0.021,0.014,25.061
1749,0.023,0.014,25.075
1750,0.020,0.017,25.092
1751,0.020,0.014,25.106
1752,0.020,0.012,25.117
1753,0.020,0.012,25.129
1754,0.021,0.017,25.146
1755,0.021,0.013,25.159
1756,0.020,0.013,25.172
1757,0.022,0.015,25.187
1758,0.022,0.018,25.205
1759,0.020,0.012,25.217
1760,0.020,0.012,25.229
1761,0.020,0.013,25.242
1762,0.020,0.014,25.256
1763,0.020,0.013,25.269
1764,0.019,0.012,25.280
1765,0.019,0.015,25.295
1766,0.020,0.013,25.308
1767,0.020,0.011,25.320
1768,0.020,0.012,25.331
1769,0.020,0.018,25.349
1770,0.021,0.013,25.362
1771,0.021,0.013,25.375
1772,0.020,0.013,25.388
1773,0.020,0.014,25.402
1774,0.020,0.013,25.415
1775,0.020,0.012,25.428
1776,0.021,0.020,25.447
1777,0.021,0.014,25.461
1778,0.020,0.013,25.475
1779,0.020,0.015,25.490
1780,0.020,0.014,25.504
1781,0.020,0.014,25.518
1782,0.020,0.012,25.530
1783,0.019,0.018,25.548
1784,0.020,0.013,25.561
1785,0.020,0.012,25.573
1786,0.020,0.012,25.585
1787,0.019,0.015,25.600
1788,0.019,0.012,25.612
1789,0.020,0.013,25.625
1790,0.019,0.017,25.642
1791,0.020,0.015,25.657
1792,0.019,0.012,25.669
1793,0.021,0.012,25.681
1794,0.019,0.016,25.697
1795,0.019,0.013,25.710
1796,0.020,0.012,25.722
1797,0.020,0.016,25.738
1798,0.020,0.015,25.753
1799,0.019,0.012,25.765
1800,0.020,0.013,25.778
1801,0.020,0.014,25.792
1802,0.020,0.013,25.805
1803,0.020,0.012,25.817
1804,0.020,0.012,25.828
1805,0.020,0.016,25.845
1806,0.020,0.013,25.858
1807,0.020,0.012,25.870
1808,0.020,0.012,25.882
1809,0.020,0.015,25.897
1810,0.020,0.015,25.911
1811,0.020,0.012,25.923
1812,0.021,0.014,25.937
1813,0.021,0.016,25.953
1814,0.021,0.012,25.964
1815,0.020,0.013,25.978
1816,0.020,0.015,25.993
1817,0.020,0.012,26.005
1818,0.019,0.012,26.017
1819,0.020,0.012,26.029
1820,0.020,0.015,26.044
1821,0.020,0.013,26.057
1822,0.021,0.013,26.070
1823,0.021,0.012,26.082
1824,0.020,0.015,26.097
1825,0.021,0.013,26.110
1826,0.021,0.013,26.124
1827,0.020,0.015,26.139
1828,0.021,0.013,26.152
1829,0.021,0.015,26.167
1830,0.020,0.013,26.179
1831,0.020,0.014,26.193
1832,0.020,0.012,26.205
1833,0.020,0.012,26.217
1834,0.020,0.012,26.229
1835,0.020,0.014,26.243
1836,0.020,0.013,26.257
1837,0.020,0.012,26.269
1838,0.020,0.012,26.281
1839,0.020,0.017,26.298
1840,0.020,0.012,26.310
1841,0.022,0.012,26.321
1842,0.020,0.014,26.335
1843,0.020,0.013,26.348
1844,0.021,0.012,26.360
1845,0.021,0.012,26.372
1846,0.021,0.015,26.387
1847,0.021,0.013,26.401
1848,0.021,0.013,26.414
1849,0.021,0.013,26.427
1850,0.021,0.016,26.443
1851,0.021,0.013,26.455
1852,0.021,0.011,26.467
1853,0.021,0.011,26.478
1854,0.022,0.019,26.497
1855,0.022,0.012,26.509
1856,0.021,0.013,26.522
1857,0.021,0.012,26.534
1858,0.020,0.016,26.549
1859,0.022,0.011,26.560
1860,0.021,0.011,26.572
1861,0.022,0.013,26.585
1862,0.022,0.014,26.598
1863,0.021,0.012,26.610
1864,0.022,0.011,26.621
1865,0.022,0.012,26.633
1866,0.022,0.014,26.647
1867,0.022,0.011,26.658
1868,0.021,0.013,26.672
1869,0.022,0.014,26.685
1870,0.022,0.014,26.700
1871,0.021,0.012,26.711
1872,0.021,0.012,26.723
1873,0.022,0.014,26.737
1874,0.021,0.014,26.751
1875,0.021,0.011,26.762
1876,0.022,0.012,26.774
1877,0.021,0.016,26.790
1878,0.021,0.012,26.802
1879,0.021,0.013,26.815
1880,0.022,0.011,26.826
1881,0.022,0.015,26.841
1882,0.022,0.013,26.853
1883,0.022,0.011,26.865
1884,0.022,0.012,26.877
1885,0.022,0.014,26.890
1886,0.022,0.013,26.904
1887,0.022,0.012,26.915
1888,0.023,0.011,26.926
1889,0.022,0.015,26.941
1890,0.024,0.012,26.953
1891,0.024,0.012,26.965
1892,0.022,0.013,26.977
1893,0.022,0.017,26.994
1894,0.022,0.011,27.004
1895,0.022,0.013,27.018
1896,0.023,0.011,27.029
1897,0.023,0.016,27.044
1898,0.023,0.012,27.056
1899,0.023,0.013,27.068
1900,0.023,0.012,27.081
1901,0.024,0.013,27.094
1902,0.023,0.011,27.105
1903,0.022,0.013,27.119
1904,0.022,0.011,27.130
1905,0.022,0.017,27.147
1906,0.022,0.013,27.159
1907,0.022,0.011,27.170
1908,0.022,0.011,27.181
1909,0.022,0.016,27.197
1910,0.023,0.011,27.208
1911,0.023,0.011,27.219
1912,0.022,0.015,27.233
1913,0.022,0.015,27.249
1914,0.021,0.012,27.261
1915,0.023,0.011,27.272
1916,0.021,0.015,27.286
1917,0.021,0.013,27.299
1918,0.021,0.011,27.310
1919,0.023,0.011,27.321
1920,0.021,0.015,27.337
1921,0.022,0.013,27.349
1922,0.021,0.013,27.362
1923,0.023,0.013,27.375
1924,0.023,0.015,27.390
1925,0.021,0.011,27.401
1926,0.021,0.012,27.413
1927,0.021,0.011,27.424
1928,0.021,0.015,27.440
1929,0.022,0.016,27.456
1930,0.020,0.012,27.467
1931,0.021,0.014,27.481
1932,0.021,0.015,27.496
1933,0.021,0.012,27.508
1934,0.021,0.011,27.519
1935,0.021,0.011,27.531
1936,0.021,0.015,27.545
1937,0.022,0.014,27.559
1938,0.021,0.012,27.571
1939,0.021,0.015,27.585
1940,0.021,0.012,27.598
1941,0.022,0.013,27.610
1942,0.021,0.013,27.623
1943,0.022,0.013,27.636
1944,0.021,0.013,27.649
1945,0.022,0.013,27.662
1946,0.023,0.013,27.675
1947,0.023,0.016,27.691
1948,0.023,0.011,27.702
1949,0.023,0.013,27.715
1950,0.022,0.012,27.727
1951,0.023,0.014,27.742
1952,0.022,0.014,27.756
1953,0.023,0.012,27.768
1954,0.023,0.012,27.780
1955,0.022,0.015,27.794
1956,0.022,0.011,27.806
1957,0.023,0.012,27.818
1958,0.023,0.011,27.829
1959,0.023,0.014,27.843
1960,0.023,0.013,27.856
1961,0.022,0.011,27.867
1962,0.022,0.011,27.878
1963,0.022,0.016,27.895
1964,0.022,0.012,27.907
1965,0.022,0.012,27.918
1966,0.022,0.012,27.930
1967,0.024,0.015,27.945
1968,0.022,0.014,27.958
1969,0.022,0.011,27.970
1970,0.022,0.013,27.982
1971,0.022,0.014,27.996
1972,0.022,0.012,28.008
1973,0.022,0.013,28.021
1974,0.022,0.015,28.036
1975,0.022,0.015,28.051
1976,0.022,0.012,28.063
1977,0.023,0.012,28.075
1978,0.022,0.015,28.090
1979,0.022,0.012,28.102
1980,0.022,0.011,28.113
1981,0.022,0.011,28.125
1982,0.022,0.017,28.141
1983,0.022,0.013,28.154
1984,0.023,0.012,28.166
1985,0.023,0.013,28.178
1986,0.023,0.015,28.193
1987,0.023,0.012,28.205
1988,0.022,0.011,28.217
1989,0.022,0.012,28.229
1990,0.023,0.018,28.247
1991,0.023,0.012,28.259
1992,0.022,0.012,28.270
1993,0.023,0.014,28.284
1994,0.023,0.013,28.297
1995,0.023,0.013,28.310
1996,0.022,0.012,28.323
1997,0.023,0.014,28.337
1998,0.022,0.014,28.351
1999,0.023,0.011,28.363
2000,0.022,0.012,28.375
2001,0.022,0.014,28.389
2002,0.023,0.013,28.403
2003,0.022,0.011,28.414
2004,0.022,0.013,28.427
2005,0.022,0.017,28.443
2006,0.022,0.012,28.456
2007,0.023,0.015,28.471
2008,0.024,0.014,28.485
2009,0.023,0.012,28.496
2010,0.023,0.012,28.508
2011,0.023,0.012,28.520
2012,0.022,0.016,28.536
2013,0.023,0.013,28.549
2014,0.023,0.011,28.561
2015,0.024,0.012,28.573
2016,0.024,0.012,28.585
2017,0.023,0.012,28.597
2018,0.023,0.013,28.610
2019,0.023,0.012,28.622
2020,0.023,0.016,28.638
2021,0.023,0.013,28.651
2022,0.023,0.012,28.663
2023,0.023,0.012,28.675
2024,0.023,0.016,28.692
2025,0.023,0.012,28.704
2026,0.023,0.011,28.715
2027,0.023,0.012,28.727
2028,0.023,0.016,28.743
2029,0.023,0.012,28.755
2030,0.023,0.012,28.766
2031,0.023,0.012,28.779
2032,0.022,0.015,28.794
2033,0.022,0.012,28.805
2034,0.022,0.012,28.817
2035,0.022,0.017,28.834
2036,0.023,0.014,28.848
2037,0.023,0.011,28.859
2038,0.022,0.012,28.871
2039,0.022,0.016,28.887
2040,0.022,0.014,28.901
2041,0.022,0.013,28.914
2042,0.023,0.012,28.926
2043,0.022,0.015,28.941
2044,0.022,0.012,28.953
2045,0.021,0.013,28.966
2046,0.021,0.012,28.978
2047,0.022,0.015,28.992
2048,0.023,0.013,29.006
2049,0.023,0.012,29.018
2050,0.023,0.014,29.032
2051,0.022,0.015,29.047
2052,0.021,0.012,29.059
2053,0.021,0.014,29.073
2054,0.021,0.014,29.087
2055,0.021,0.014,29.101
2056,0.022,0.013,29.114
2057,0.021,0.012,29.125
2058,0.021,0.016,29.142
2059,0.021,0.013,29.155
2060,0.023,0.012,29.167
2061,0.022,0.012,29.179
2062,0.022,0.014,29.194
2063,0.022,0.012,29.206
2064,0.022,0.012,29.218
2065,0.023,0.014,29.232
2066,0.023,0.016,29.248
2067,0.023,0.011,29.259
2068,0.023,0.012,29.271
2069,0.022,0.016,29.287
2070,0.022,0.013,29.300
2071,0.022,0.012,29.313
2072,0.023,0.011,29.324
2073,0.022,0.014,29.338
2074,0.022,0.014,29.352
2075,0.023,0.012,29.364
2076,0.022,0.011,29.375
2077,0.022,0.017,29.393
2078,0.022,0.013,29.406
2079,0.022,0.012,29.418
2080,0.022,0.011,29.429
2081,0.022,0.015,29.444
2082,0.021,0.013,29.457
2083,0.021,0.013,29.470
2084,0.021,0.013,29.483
2085,0.022,0.016,29.499
2086,0.021,0.012,29.511
2087,0.021,0.012,29.523
2088,0.021,0.014,29.537
2089,0.022,0.015,29.552
2090,0.022,0.013,29.565
2091,0.021,0.012,29.577
2092,0.022,0.016,29.594
2093,0.021,0.012,29.606
2094,0.021,0.013,29.619
2095,0.021,0.012,29.631
2096,0.022,0.016,29.647
2097,0.021,0.013,29.660
2098,0.021,0.012,29.672
2099,0.021,0.013,29.685
2100,0.020,0.021,29.705
2101,0.020,0.014,29.719
2102,0.020,0.013,29.732
2103,0.020,0.015,29.747
2104,0.020,0.013,29.759
2105,0.020,0.013,29.773
2106,0.020,0.014,29.786
2107,0.020,0.016,29.802
2108,0.021,0.013,29.815
2109,0.020,0.013,29.827
2110,0.020,0.018,29.846
2111,0.021,0.013,29.858
2112,0.020,0.012,29.870
2113,0.021,0.013,29.883
2114,0.019,0.016,29.899
2115,0.020,0.014,29.913
2116,0.020,0.012,29.925
2117,0.021,0.016,29.941
2118,0.020,0.015,29.956
2119,0.019,0.013,29.969
2120,0.020,0.013,29.982
2121,0.020,0.018,29.999
2122,0.020,0.012,30.012
2123,0.020,0.012,30.024
2124,0.019,0.014,30.038
2125,0.020,0.015,30.053
2126,0.020,0.013,30.066
2127,0.020,0.012,30.078
2128,0.019,0.015,30.093
2129,0.021,0.015,30.108
2130,0.021,0.013,30.120
2131,0.020,0.013,30.133
2132,0.020,0.021,30.155
2133,0.021,0.012,30.167
2134,0.020,0.013,30.180
2135,0.020,0.013,30.193
2136,0.019,0.014,30.207
2137,0.020,0.015,30.221
2138,0.020,0.012,30.234
2139,0.020,0.016,30.250
2140,0.020,0.013,30.263
2141,0.020,0.014,30.276
2142,0.020,0.014,30.290
2143,0.020,0.018,30.308
2144,0.019,0.012,30.319
2145,0.019,0.012,30.331
2146,0.020,0.017,30.348
2147,0.020,0.012,30.360
2148,0.020,0.012,30.372
2149,0.020,0.012,30.384
2150,0.020,0.018,30.402
2151,0.021,0.012,30.414
2152,0.020,0.013,30.426
2153,0.021,0.012,30.438
2154,0.020,0.016,30.454
2155,0.020,0.016,30.470
2156,0.020,0.013,30.482
2157,0.020,0.015,30.497
2158,0.021,0.013,30.511
2159,0.021,0.013,30.524
2160,0.020,0.012,30.535
2161,0.020,0.014,30.549
2162,0.019,0.013,30.562
2163,0.020,0.012,30.574
2164,0.020,0.013,30.587
2165,0.020,0.016,30.603
2166,0.019,0.012,30.616
2167,0.019,0.012,30.628
2168,0.019,0.015,30.642
2169,0.019,0.015,30.657
2170,0.019,0.015,30.672
2171,0.019,0.013,30.685
2172,0.019,0.017,30.702
2173,0.019,0.012,30.714
2174,0.019,0.012,30.727
2175,0.019,0.012,30.739
2176,0.019,0.016,30.755
2177,0.019,0.015,30.770
2178,0.019,0.015,30.785
2179,0.020,0.016,30.801
2180,0.019,0.012,30.813
2181,0.020,0.013,30.826
2182,0.020,0.012,30.838
2183,0.020,0.017,30.854
2184,0.021,0.014,30.868
2185,0.021,0.014,30.882
2186,0.021,0.019,30.901
2187,0.021,0.012,30.913
2188,0.021,0.013,30.927
2189,0.020,0.013,30.940
2190,0.020,0.016,30.957
2191,0.020,0.013,30.970
2192,0.020,0.012,30.981
2193,0.020,0.013,30.994
2194,0.020,0.013,31.007
2195,0.021,0.014,31.021
2196,0.021,0.013,31.034
2197,0.021,0.017,31.051
2198,0.020,0.013,31.063
2199,0.019,0.015,31.079
2200,0.019,0.014,31.093
2201,0.019,0.014,31.107
2202,0.019,0.012,31.119
2203,0.019,0.013,31.132
2204,0.021,0.015,31.147
2205,0.021,0.013,31.160
2206,0.018,0.013,31.173
2207,0.018,0.013,31.185
2208,0.019,0.015,31.200
2209,0.019,0.012,31.213
2210,0.019,0.012,31.225
2211,0.019,0.012,31.237
2212,0.018,0.016,31.252
2213,0.019,0.015,31.267
2214,0.019,0.014,31.281
2215,0.020,0.016,31.297
2216,0.019,0.012,31.310
2217,0.019,0.013,31.323
2218,0.020,0.012,31.335
2219,0.020,0.016,31.350
2220,0.020,0.013,31.364
2221,0.020,0.013,31.376
2222,0.020,0.014,31.390
2223,0.020,0.014,31.404
2224,0.020,0.012,31.416
2225,0.020,0.012,31.428
2226,0.020,0.014,31.442
2227,0.020,0.015,31.457
2228,0.020,0.013,31.470
2229,0.019,0.012,31.482
2230,0.020,0.016,31.499
2231,0.020,0.013,31.512
2232,0.021,0.013,31.525
2233,0.021,0.017,31.542
2234,0.020,0.013,31.555
2235,0.020,0.013,31.568
2236,0.020,0.013,31.581
2237,0.020,0.016,31.597
2238,0.019,0.013,31.610
2239,0.020,0.013,31.623
2240,0.020,0.014,31.637
2241,0.020,0.018,31.655
2242,0.020,0.013,31.667
2243,0.019,0.012,31.679
2244,0.019,0.018,31.697
2245,0.018,0.013,31.710
2246,0.019,0.013,31.723
2247,0.018,0.013,31.735
2248,0.018,0.017,31.753
2249,0.018,0.013,31.766
2250,0.019,0.013,31.779
2251,0.019,0.015,31.794
2252,0.019,0.013,31.807
2253,0.019,0.013,31.821
2254,0.018,0.015,31.836
2255,0.019,0.017,31.853
2256,0.018,0.013,31.866
2257,0.018,0.013,31.878
2258,0.019,0.017,31.895
2259,0.019,0.015,31.911
2260,0.018,0.013,31.924
2261,0.019,0.016,31.940
2262,0.019,0.014,31.955
2263,0.018,0.026,31.980
2264,0.019,0.016,31.997
2265,0.019,0.014,32.010
2266,0.019,0.013,32.024
2267,0.019,0.016,32.040
2268,0.019,0.017,32.057
2269,0.019,0.013,32.070
2270,0.018,0.013,32.083
2271,0.018,0.017,32.100
2272,0.018,0.013,32.113
2273,0.019,0.012,32.126
2274,0.018,0.016,32.142
2275,0.018,0.012,32.154
2276,0.018,0.014,32.168
2277,0.019,0.012,32.180
2278,0.020,0.016,32.196
2279,0.019,0.014,32.210
2280,0.021,0.014,32.224
2281,0.020,0.016,32.240
2282,0.020,0.013,32.253
2283,0.019,0.013,32.266
2284,0.019,0.013,32.279
2285,0.019,0.017,32.296
2286,0.019,0.013,32.309
2287,0.019,0.012,32.322
2288,0.019,0.013,32.335
2289,0.019,0.014,32.349
2290,0.020,0.012,32.361
2291,0.020,0.012,32.374
2292,0.019,0.015,32.389
2293,0.019,0.013,32.402
2294,0.019,0.016,32.418
2295,0.020,0.013,32.430
2296,0.020,0.014,32.445
2297,0.020,0.015,32.459
2298,0.020,0.014,32.473
2299,0.019,0.014,32.487
2300,0.019,0.014,32.501
2301,0.020,0.013,32.514
2302,0.020,0.013,32.527
2303,0.019,0.016,32.543
2304,0.021,0.013,32.556
2305,0.021,0.011,32.567
2306,0.021,0.013,32.580
2307,0.020,0.015,32.595
2308,0.020,0.012,32.606
2309,0.020,0.012,32.619
2310,0.020,0.015,32.634
2311,0.020,0.015,32.650
2312,0.021,0.013,32.662
2313,0.021,0.012,32.674
2314,0.020,0.016,32.690
2315,0.020,0.014,32.704
2316,0.020,0.012,32.716
2317,0.021,0.012,32.728
2318,0.021,0.018,32.746
2319,0.021,0.013,32.758
2320,0.020,0.013,32.771
2321,0.020,0.012,32.783
2322,0.020,0.016,32.799
2323,0.019,0.014,32.814
2324,0.019,0.012,32.826
2325,0.020,0.015,32.841
2326,0.019,0.015,32.856
2327,0.020,0.014,32.870
2328,0.019,0.013,32.882
2329,0.019,0.015,32.898
2330,0.019,0.015,32.913
2331,0.021,0.012,32.925
2332,0.020,0.015,32.940
2333,0.020,0.015,32.955
2334,0.019,0.014,32.969
2335,0.021,0.012,32.981
2336,0.019,0.017,32.998
2337,0.019,0.015,33.013
2338,0.019,0.013,33.026
2339,0.019,0.016,33.042
2340,0.019,0.014,33.056
2341,0.019,0.015,33.070
2342,0.019,0.012,33.083
2343,0.019,0.016,33.098
2344,0.018,0.013,33.111
2345,0.018,0.013,33.124
2346,0.018,0.016,33.140
2347,0.018,0.014,33.155
2348,0.018,0.012,33.167
2349,0.018,0.012,33.179
2350,0.018,0.016,33.195
2351,0.018,0.014,33.209
2352,0.018,0.015,33.224
2353,0.018,0.014,33.238
2354,0.019,0.014,33.252
2355,0.018,0.013,33.266
2356,0.018,0.012,33.278
2357,0.019,0.016,33.295
2358,0.019,0.014,33.308
2359,0.019,0.013,33.321
2360,0.019,0.015,33.336
2361,0.019,0.016,33.352
2362,0.019,0.013,33.365
2363,0.019,0.014,33.379
2364,0.019,0.015,33.394
2365,0.019,0.013,33.407
2366,0.019,0.013,33.420
2367,0.019,0.014,33.434
2368,0.019,0.016,33.450
2369,0.019,0.012,33.462
2370,0.020,0.013,33.475
2371,0.020,0.016,33.491
2372,0.019,0.015,33.506
2373,0.020,0.012,33.519
2374,0.020,0.013,33.531
2375,0.021,0.015,33.546
2376,0.021,0.013,33.559
2377,0.020,0.013,33.572
2378,0.019,0.014,33.586
2379,0.019,0.016,33.602
2380,0.019,0.012,33.614
2381,0.020,0.012,33.625
2382,0.021,0.014,33.639
2383,0.020,0.014,33.653
2384,0.020,0.014,33.667
2385,0.021,0.014,33.681
2386,0.021,0.016,33.698
2387,0.021,0.013,33.710
2388,0.021,0.012,33.722
2389,0.021,0.012,33.733
2390,0.022,0.015,33.749
2391,0.021,0.012,33.760
2392,0.022,0.011,33.772
2393,0.023,0.014,33.786
2394,0.021,0.014,33.800
2395,0.022,0.014,33.814
2396,0.021,0.011,33.825
2397,0.021,0.017,33.842
2398,0.021,0.013,33.855
2399,0.021,0.013,33.867
2400,0.021,0.012,33.879
2401,0.021,0.015,33.894
2402,0.022,0.014,33.908
2403,0.022,0.011,33.919
2404,0.023,0.011,33.931
2405,0.023,0.017,33.948
2406,0.023,0.012,33.960
2407,0.022,0.012,33.972
2408,0.023,0.012,33.984
2409,0.022,0.016,34.000
2410,0.022,0.013,34.013
2411,0.023,0.011,34.024
2412,0.022,0.016,34.040
2413,0.022,0.013,34.053
2414,0.024,0.012,34.065
2415,0.023,0.012,34.077
2416,0.024,0.016,34.093
2417,0.023,0.012,34.105
2418,0.023,0.012,34.118
2419,0.022,0.012,34.130
2420,0.022,0.016,34.146
2421,0.023,0.012,34.158
2422,0.021,0.012,34.170
2423,0.021,0.012,34.182
2424,0.021,0.016,34.198
2425,0.021,0.014,34.212
2426,0.021,0.012,34.224
2427,0.021,0.013,34.237
2428,0.022,0.014,34.251
2429,0.022,0.013,34.264
2430,0.022,0.011,34.275
2431,0.022,0.016,34.291
2432,0.022,0.013,34.304
2433,0.022,0.020,34.324
2434,0.022,0.020,34.344
2435,0.022,0.012,34.356
2436,0.022,0.013,34.369
2437,0.022,0.012,34.380
2438,0.022,0.015,34.396
2439,0.023,0.012,34.407
2440,0.023,0.011,34.418
2441,0.023,0.011,34.429
2442,0.022,0.014,34.444
2443,0.023,0.012,34.455
2444,0.022,0.014,34.469
2445,0.022,0.011,34.481
2446,0.022,0.015,34.496
2447,0.022,0.011,34.507
2448,0.022,0.011,34.518
2449,0.023,0.011,34.529
2450,0.023,0.014,34.543
2451,0.022,0.010,34.554
2452,0.023,0.011,34.564
2453,0.024,0.012,34.577
2454,0.023,0.016,34.593
2455,0.023,0.011,34.604
2456,0.024,0.011,34.615
2457,0.025,0.011,34.625
2458,0.025,0.014,34.639
2459,0.025,0.010,34.649
2460,0.026,0.011,34.660
2461,0.026,0.011,34.671
2462,0.025,0.013,34.684
2463,0.025,0.016,34.700
2464,0.025,0.012,34.712
2465,0.024,0.010,34.723
2466,0.024,0.013,34.736
2467,0.024,0.014,34.750
2468,0.024,0.012,34.761
2469,0.025,0.011,34.772
2470,0.025,0.013,34.785
2471,0.025,0.014,34.799
2472,0.024,0.014,34.812
2473,0.024,0.010,34.822
2474,0.024,0.012,34.835
2475,0.024,0.013,34.848
2476,0.023,0.013,34.861
2477,0.023,0.012,34.873
2478,0.023,0.013,34.886
2479,0.024,0.013,34.899
2480,0.023,0.012,34.911
2481,0.023,0.011,34.921
2482,0.024,0.012,34.933
2483,0.024,0.014,34.947
2484,0.024,0.013,34.960
2485,0.025,0.011,34.971
2486,0.025,0.012,34.983
2487,0.024,0.014,34.997
2488,0.024,0.012,35.009
2489,0.024,0.012,35.021
2490,0.023,0.014,35.034
2491,0.025,0.014,35.048
2492,0.024,0.012,35.060
2493,0.024,0.011,35.071
2494,0.023,0.014,35.085
2495,0.024,0.012,35.097
2496,0.025,0.012,35.109
2497,0.024,0.013,35.122
2498,0.024,0.014,35.136
2499,0.023,0.013,35.149
2500,0.023,0.012,35.161
2501,0.023,0.011,35.172
2502,0.023,0.012,35.184
2503,0.023,0.016,35.200
2504,0.023,0.013,35.213
2505,0.023,0.013,35.226
2506,0.023,0.015,35.241
2507,0.023,0.012,35.253
2508,0.023,0.011,35.264
2509,0.021,0.013,35.277
2510,0.022,0.016,35.293
2511,0.022,0.012,35.305
2512,0.021,0.011,35.316
2513,0.022,0.012,35.328
2514,0.021,0.014,35.342
2515,0.021,0.014,35.356
2516,0.021,0.012,35.368
2517,0.021,0.012,35.379
2518,0.021,0.014,35.394
2519,0.021,0.013,35.407
2520,0.021,0.011,35.418
2521,0.022,0.014,35.432
2522,0.022,0.015,35.447
2523,0.022,0.014,35.461
2524,0.021,0.012,35.473
2525,0.022,0.015,35.488
2526,0.021,0.015,35.503
2527,0.021,0.012,35.515
2528,0.022,0.011,35.526
2529,0.022,0.015,35.542
2530,0.021,0.013,35.555
2531,0.021,0.013,35.567
2532,0.021,0.012,35.579
2533,0.020,0.016,35.595
2534,0.021,0.013,35.608
2535,0.020,0.012,35.620
2536,0.020,0.013,35.633
2537,0.020,0.014,35.647
2538,0.020,0.016,35.664
2539,0.020,0.013,35.677
2540,0.020,0.016,35.692
2541,0.020,0.013,35.705
2542,0.021,0.012,35.717
2543,0.021,0.012,35.730
2544,0.021,0.016,35.746
2545,0.021,0.012,35.758
2546,0.020,0.014,35.772
2547,0.020,0.016,35.788
2548,0.020,0.015,35.802
2549,0.020,0.012,35.815
2550,0.019,0.011,35.826
2551,0.020,0.014,35.840
2552,0.020,0.013,35.854
2553,0.020,0.012,35.866
2554,0.020,0.012,35.878
2555,0.021,0.017,35.895
2556,0.020,0.015,35.910
2557,0.021,0.013,35.923
2558,0.021,0.015,35.938
2559,0.020,0.014,35.952
2560,0.021,0.012,35.964
2561,0.021,0.012,35.975
2562,0.021,0.015,35.991
2563,0.020,0.013,36.004
2564,0.020,0.013,36.016
2565,0.020,0.014,36.030
2566,0.020,0.014,36.045
2567,0.019,0.013,36.057
2568,0.019,0.012,36.069
2569,0.019,0.016,36.085
2570,0.019,0.014,36.100
2571,0.019,0.013,36.112
2572,0.019,0.013,36.126
2573,0.019,0.016,36.142
2574,0.019,0.013,36.155
2575,0.019,0.013,36.169
2576,0.019,0.014,36.183
2577,0.020,0.016,36.198
2578,0.019,0.012,36.211
2579,0.019,0.013,36.224
2580,0.020,0.015,36.239
2581,0.020,0.013,36.252
2582,0.020,0.012,36.263
2583,0.020,0.012,36.276
2584,0.020,0.016,36.292
2585,0.020,0.013,36.305
2586,0.020,0.013,36.318
2587,0.020,0.013,36.331
2588,0.021,0.017,36.347
2589,0.021,0.012,36.359
2590,0.021,0.013,36.372
2591,0.021,0.015,36.387
2592,0.021,0.014,36.401
2593,0.022,0.012,36.413
2594,0.020,0.026,36.439
2595,0.021,0.016,36.455
2596,0.021,0.017,36.472
2597,0.022,0.019,36.492
2598,0.021,0.016,36.508
2599,0.022,0.015,36.523
2600,0.021,0.020,36.543
2601,0.022,0.018,36.561
2602,0.022,0.015,36.576
2603,0.021,0.018,36.594
2604,0.022,0.015,36.608
2605,0.022,0.013,36.621
2606,0.022,0.013,36.635
2607,0.021,0.015,36.650
2608,0.021,0.013,36.662
2609,0.021,0.013,36.675
2610,0.021,0.015,36.690
2611,0.021,0.013,36.704
2612,0.021,0.015,36.719
2613,0.021,0.013,36.732
2614,0.022,0.015,36.747
2615,0.021,0.012,36.759
2616,0.020,0.011,36.770
2617,0.020,0.013,36.783
2618,0.021,0.014,36.797
2619,0.021,0.012,36.809
2620,0.021,0.012,36.821
2621,0.021,0.016,36.837
2622,0.022,0.013,36.850
2623,0.022,0.011,36.862
2624,0.021,0.012,36.874
2625,0.021,0.016,36.890
2626,0.021,0.012,36.902
2627,0.021,0.013,36.916
2628,0.020,0.013,36.928
2629,0.020,0.019,36.947
2630,0.020,0.013,36.960
2631,0.020,0.012,36.972
2632,0.021,0.018,36.990
2633,0.020,0.013,37.003
2634,0.020,0.013,37.015
2635,0.020,0.014,37.029
2636,0.020,0.016,37.045
2637,0.020,0.013,37.059
2638,0.020,0.012,37.071
2639,0.019,0.015,37.085
2640,0.019,0.015,37.100
2641,0.020,0.015,37.115
2642,0.020,0.013,37.128
2643,0.020,0.015,37.143
2644,0.020,0.012,37.155
2645,0.020,0.013,37.167
2646,0.020,0.018,37.185
2647,0.020,0.014,37.199
2648,0.020,0.012,37.211
2649,0.019,0.012,37.223
2650,0.019,0.017,37.240
2651,0.020,0.012,37.252
2652,0.020,0.014,37.266
2653,0.019,0.012,37.278
2654,0.019,0.015,37.294
2655,0.019,0.013,37.306
2656,0.019,0.012,37.318
2657,0.019,0.015,37.334
2658,0.018,0.014,37.348
2659,0.019,0.012,37.359
2660,0.019,0.012,37.372
2661,0.019,0.018,37.389
2662,0.019,0.013,37.402
2663,0.019,0.014,37.416
2664,0.018,0.014,37.430
2665,0.019,0.016,37.447
2666,0.019,0.013,37.460
2667,0.019,0.012,37.472
2668,0.021,0.016,37.488
2669,0.019,0.012,37.500
2670,0.020,0.013,37.513
2671,0.020,0.014,37.527
2672,0.019,0.016,37.544
2673,0.020,0.013,37.557
2674,0.019,0.012,37.569
2675,0.020,0.017,37.585
2676,0.019,0.014,37.599
2677,0.020,0.014,37.613
2678,0.018,0.013,37.626
2679,0.019,0.019,37.645
2680,0.018,0.013,37.658
2681,0.018,0.014,37.672
2682,0.018,0.014,37.686
2683,0.019,0.014,37.700
2684,0.018,0.013,37.713
2685,0.018,0.013,37.725
2686,0.018,0.017,37.742
2687,0.019,0.013,37.755
2688,0.019,0.012,37.767
2689,0.018,0.013,37.780
2690,0.019,0.017,37.796
2691,0.019,0.014,37.810
2692,0.019,0.013,37.823
2693,0.019,0.015,37.838
2694,0.018,0.018,37.855
2695,0.018,0.014,37.869
2696,0.018,0.014,37.883
2697,0.018,0.016,37.899
2698,0.019,0.015,37.914
2699,0.019,0.013,37.927
2700,0.019,0.016,37.943
2701,0.018,0.014,37.958
2702,0.018,0.012,37.970
2703,0.019,0.015,37.985
2704,0.019,0.013,37.998
2705,0.019,0.014,38.012
2706,0.018,0.014,38.025
2707,0.019,0.016,38.041
2708,0.018,0.013,38.055
2709,0.019,0.013,38.067
2710,0.019,0.011,38.079
2711,0.019,0.015,38.094
2712,0.019,0.012,38.106
2713,0.019,0.013,38.119
2714,0.019,0.012,38.132
2715,0.019,0.015,38.147
2716,0.019,0.015,38.162
2717,0.019,0.014,38.176
2718,0.019,0.016,38.192
2719,0.020,0.014,38.205
2720,0.020,0.013,38.218
2721,0.019,0.011,38.230
2722,0.020,0.015,38.245
2723,0.019,0.014,38.259
2724,0.020,0.011,38.270
2725,0.020,0.013,38.283
2726,0.020,0.017,38.300
2727,0.020,0.012,38.311
2728,0.021,0.014,38.325
2729,0.021,0.014,38.339
2730,0.021,0.013,38.352
2731,0.020,0.013,38.365
2732,0.020,0.011,38.377
2733,0.020,0.015,38.391
2734,0.021,0.014,38.405
2735,0.021,0.013,38.418
2736,0.021,0.011,38.429
2737,0.021,0.015,38.445
2738,0.021,0.013,38.458
2739,0.022,0.012,38.469
2740,0.021,0.013,38.482
2741,0.021,0.014,38.496
2742,0.021,0.012,38.509
2743,0.021,0.011,38.520
2744,0.022,0.013,38.533
2745,0.021,0.015,38.548
2746,0.021,0.012,38.560
2747,0.022,0.014,38.574
2748,0.021,0.012,38.586
2749,0.022,0.015,38.601
2750,0.022,0.013,38.615
2751,0.021,0.011,38.626
2752,0.021,0.017,38.643
2753,0.023,0.014,38.656
2754,0.023,0.011,38.667
2755,0.022,0.011,38.678
2756,0.022,0.013,38.691
2757,0.023,0.014,38.705
2758,0.022,0.011,38.716
2759,0.021,0.011,38.727
2760,0.022,0.015,38.742
2761,0.022,0.013,38.754
2762,0.022,0.012,38.766
2763,0.022,0.012,38.778
2764,0.023,0.015,38.794
2765,0.021,0.012,38.805
2766,0.024,0.012,38.817
2767,0.022,0.012,38.829
2768,0.022,0.015,38.844
2769,0.022,0.014,38.858
2770,0.021,0.014,38.871
2771,0.022,0.011,38.882
2772,0.022,0.016,38.898
2773,0.021,0.011,38.910
2774,0.022,0.012,38.922
2775,0.022,0.012,38.933
2776,0.022,0.016,38.949
2777,0.022,0.011,38.960
2778,0.022,0.012,38.973
2779,0.023,0.011,38.984
2780,0.022,0.018,39.002
2781,0.022,0.012,39.013
2782,0.022,0.011,39.025
2783,0.022,0.012,39.037
2784,0.023,0.014,39.050
2785,0.022,0.013,39.064
2786,0.022,0.011,39.075
2787,0.022,0.013,39.088
2788,0.022,0.015,39.103
2789,0.022,0.012,39.115
2790,0.023,0.013,39.128
2791,0.023,0.012,39.139
2792,0.023,0.013,39.152
2793,0.025,0.013,39.165
2794,0.025,0.016,39.181
2795,0.025,0.017,39.198
2796,0.025,0.011,39.209
2797,0.023,0.012,39.221
2798,0.023,0.011,39.232
2799,0.024,0.014,39.246
2800,0.024,0.012,39.258
2801,0.025,0.012,39.270
2802,0.024,0.010,39.280
2803,0.024,0.012,39.293
2804,0.025,0.011,39.304
2805,0.024,0.011,39.315
2806,0.024,0.011,39.326
2807,0.024,0.011,39.337
2808,0.025,0.014,39.351
2809,0.025,0.013,39.364
2810,0.024,0.011,39.375
2811,0.025,0.012,39.387
2812,0.026,0.015,39.402
2813,0.024,0.011,39.413
2814,0.024,0.011,39.424
2815,0.025,0.010,39.434
2816,0.025,0.012,39.447
2817,0.024,0.011,39.458
2818,0.025,0.013,39.471
2819,0.024,0.010,39.482
2820,0.025,0.014,39.496
2821,0.024,0.013,39.509
2822,0.024,0.011,39.520
2823,0.024,0.011,39.531
2824,0.024,0.015,39.546
2825,0.023,0.013,39.559
2826,0.024,0.011,39.570
2827,0.023,0.014,39.584
2828,0.023,0.015,39.599
2829,0.023,0.012,39.611
2830,0.023,0.011,39.622
2831,0.023,0.012,39.634
2832,0.023,0.016,39.650
2833,0.024,0.012,39.661
2834,0.023,0.011,39.672
2835,0.023,0.012,39.684
2836,0.023,0.017,39.701
2837,0.022,0.012,39.713
2838,0.022,0.012,39.725
2839,0.023,0.011,39.736
2840,0.022,0.014,39.750
2841,0.022,0.013,39.764
2842,0.023,0.012,39.776
2843,0.023,0.012,39.788
2844,0.023,0.015,39.803
2845,0.024,0.013,39.816
2846,0.024,0.012,39.828
2847,0.023,0.013,39.840
2848,0.024,0.013,39.853
2849,0.023,0.012,39.865
2850,0.023,0.012,39.878
2851,0.023,0.017,39.895
2852,0.022,0.013,39.908
2853,0.023,0.011,39.919
2854,0.023,0.012,39.931
2855,0.023,0.015,39.946
2856,0.021,0.013,39.959
2857,0.021,0.013,39.972
2858,0.021,0.012,39.983
2859,0.021,0.015,39.998
2860,0.021,0.013,40.011
2861,0.021,0.014,40.025
2862,0.021,0.014,40.039
2863,0.022,0.016,40.055
2864,0.021,0.011,40.067
2865,0.021,0.014,40.081
2866,0.020,0.016,40.097
2867,0.020,0.013,40.110
2868,0.020,0.011,40.121
2869,0.020,0.012,40.133
2870,0.020,0.017,40.150
2871,0.020,0.015,40.164
2872,0.021,0.013,40.178
2873,0.020,0.016,40.194
2874,0.020,0.013,40.207
2875,0.020,0.012,40.219
2876,0.021,0.012,40.231
2877,0.020,0.015,40.246
2878,0.021,0.013,40.259
2879,0.020,0.015,40.274
2880,0.020,0.012,40.286
2881,0.020,0.014,40.300
2882,0.021,0.014,40.314
2883,0.020,0.014,40.328
2884,0.021,0.015,40.342
2885,0.021,0.014,40.356
2886,0.021,0.012,40.368
2887,0.021,0.013,40.381
2888,0.020,0.015,40.396
2889,0.020,0.013,40.409
2890,0.020,0.012,40.421
2891,0.020,0.012,40.433
2892,0.021,0.013,40.446
2893,0.020,0.014,40.461
2894,0.021,0.013,40.474
2895,0.021,0.013,40.486
2896,0.022,0.015,40.501
2897,0.021,0.013,40.514
2898,0.021,0.013,40.527
2899,0.021,0.014,40.541
2900,0.021,0.014,40.555
2901,0.020,0.014,40.569
2902,0.021,0.012,40.581
2903,0.020,0.016,40.597
2904,0.021,0.013,40.610
2905,0.020,0.012,40.622
2906,0.021,0.014,40.636
2907,0.020,0.016,40.653
2908,0.021,0.014,40.667
2909,0.021,0.013,40.680
2910,0.020,0.017,40.696
2911,0.021,0.013,40.710
2912,0.021,0.011,40.721
2913,0.021,0.014,40.735
2914,0.021,0.016,40.751
2915,0.021,0.012,40.763
2916,0.021,0.012,40.775
2917,0.022,0.013,40.788
2918,0.022,0.014,40.802
2919,0.022,0.012,40.814
2920,0.023,0.012,40.826
2921,0.023,0.012,40.838
2922,0.023,0.015,40.853
2923,0.021,0.012,40.865
2924,0.022,0.012,40.877
2925,0.023,0.015,40.892
2926,0.022,0.014,40.906
2927,0.022,0.013,40.919
2928,0.022,0.013,40.932
2929,0.021,0.015,40.947
2930,0.021,0.014,40.961
2931,0.021,0.012,40.973
2932,0.021,0.012,40.985
2933,0.021,0.017,41.002
2934,0.020,0.012,41.013
2935,0.020,0.012,41.025
2936,0.021,0.017,41.042
2937,0.021,0.015,41.057
2938,0.021,0.012,41.068
2939,0.021,0.012,41.080
2940,0.021,0.015,41.096
2941,0.021,0.013,41.109
2942,0.021,0.012,41.121
2943,0.022,0.011,41.132
2944,0.022,0.017,41.149
2945,0.022,0.013,41.161
2946,0.022,0.015,41.176
2947,0.021,0.013,41.189
2948,0.022,0.014,41.203
2949,0.022,0.011,41.214
2950,0.022,0.012,41.226
2951,0.022,0.012,41.237
2952,0.022,0.017,41.254
2953,0.022,0.013,41.267
2954,0.021,0.012,41.279
2955,0.021,0.018,41.296
2956,0.021,0.012,41.308
2957,0.021,0.013,41.321
2958,0.021,0.011,41.332
2959,0.021,0.015,41.347
2960,0.021,0.012,41.359
2961,0.021,0.013,41.371
2962,0.021,0.013,41.384
2963,0.022,0.016,41.399
2964,0.021,0.015,41.415
2965,0.021,0.011,41.426
2966,0.021,0.012,41.438
2967,0.021,0.016,41.454
2968,0.022,0.012,41.466
2969,0.022,0.012,41.478
2970,0.022,0.015,41.493
2971,0.022,0.013,41.506
2972,0.023,0.012,41.518
2973,0.022,0.015,41.533
2974,0.022,0.016,41.549
2975,0.022,0.012,41.561
2976,0.022,0.012,41.573
2977,0.022,0.011,41.584
2978,0.022,0.015,41.599
2979,0.021,0.011,41.610
2980,0.022,0.012,41.622
2981,0.022,0.013,41.635
2982,0.022,0.018,41.653
2983,0.021,0.012,41.665
2984,0.022,0.011,41.676
2985,0.022,0.017,41.693
2986,0.022,0.014,41.707
2987,0.022,0.012,41.719
2988,0.023,0.012,41.731
2989,0.022,0.015,41.746
2990,0.022,0.015,41.760
2991,0.023,0.013,41.773
2992,0.022,0.012,41.786
2993,0.021,0.014,41.800
2994,0.022,0.014,41.813
2995,0.022,0.012,41.825
2996,0.021,0.013,41.838
2997,0.023,0.013,41.851
2998,0.023,0.013,41.863
2999,0.023,0.013,41.877
3000,0.023,0.016,41.893
3001,0.022,0.011,41.904
3002,0.023,0.012,41.916
3003,0.023,0.011,41.927
3004,0.023,0.014,41.941
3005,0.023,0.012,41.953
3006,0.023,0.012,41.965
3007,0.023,0.012,41.977
3008,0.023,0.019,41.996
3009,0.023,0.016,42.012
3010,0.023,0.014,42.026
3011,0.023,0.014,42.040
3012,0.023,0.013,42.053
3013,0.024,0.012,42.065
3014,0.024,0.013,42.078
3015,0.024,0.015,42.093
3016,0.023,0.011,42.104
3017,0.022,0.013,42.117
3018,0.022,0.012,42.129
3019,0.022,0.015,42.144
3020,0.023,0.013,42.157
3021,0.023,0.013,42.170
3022,0.023,0.013,42.183
3023,0.022,0.016,42.199
3024,0.022,0.013,42.211
3025,0.022,0.012,42.223
3026,0.021,0.015,42.238
3027,0.023,0.015,42.252
3028,0.021,0.013,42.265
3029,0.021,0.013,42.278
3030,0.021,0.016,42.294
3031,0.021,0.013,42.307
3032,0.021,0.012,42.319
3033,0.021,0.012,42.331
3034,0.021,0.016,42.347
3035,0.021,0.013,42.359
3036,0.021,0.012,42.371
3037,0.022,0.013,42.384
3038,0.022,0.014,42.398
3039,0.022,0.014,42.411
3040,0.022,0.012,42.423
3041,0.021,0.017,42.440
3042,0.021,0.011,42.451
3043,0.021,0.013,42.464
3044,0.021,0.013,42.477
3045,0.021,0.015,42.492
3046,0.023,0.014,42.506
3047,0.023,0.012,42.518
3048,0.021,0.012,42.530
3049,0.021,0.017,42.547
3050,0.021,0.013,42.560
3051,0.021,0.013,42.573
3052,0.021,0.014,42.587
3053,0.022,0.013,42.601
3054,0.021,0.014,42.615
3055,0.021,0.014,42.629
3056,0.022,0.016,42.644
3057,0.022,0.013,42.657
3058,0.022,0.014,42.671
3059,0.022,0.015,42.686
3060,0.021,0.014,42.700
3061,0.021,0.013,42.712
3062,0.021,0.013,42.725
3063,0.021,0.015,42.740
3064,0.020,0.012,42.752
3065,0.021,0.012,42.764
3066,0.021,0.012,42.776
3067,0.021,0.016,42.792
3068,0.021,0.016,42.808
3069,0.021,0.013,42.821
3070,0.022,0.014,42.835
3071,0.022,0.013,42.848
3072,0.022,0.012,42.860
3073,0.021,0.012,42.871
3074,0.022,0.015,42.886
3075,0.022,0.012,42.898
3076,0.022,0.013,42.911
3077,0.023,0.012,42.923
3078,0.023,0.017,42.940
3079,0.022,0.014,42.954
3080,0.023,0.011,42.965
3081,0.022,0.011,42.976
3082,0.022,0.015,42.991
3083,0.023,0.012,43.003
3084,0.022,0.013,43.016
3085,0.022,0.012,43.028
3086,0.021,0.015,43.043
3087,0.023,0.014,43.057
3088,0.024,0.011,43.068
3089,0.024,0.013,43.081
3090,0.023,0.014,43.095
3091,0.022,0.012,43.107
3092,0.022,0.011,43.117
3093,0.024,0.011,43.129
3094,0.024,0.014,43.143
3095,0.024,0.011,43.154
3096,0.025,0.012,43.166
3097,0.023,0.010,43.176
3098,0.023,0.016,43.192
3099,0.025,0.012,43.204
3100,0.025,0.011,43.215
3101,0.024,0.011,43.225
3102,0.024,0.015,43.241
3103,0.026,0.012,43.253
3104,0.024,0.011,43.264
3105,0.025,0.013,43.276
3106,0.025,0.014,43.290
3107,0.024,0.012,43.303
3108,0.025,0.011,43.313
3109,0.025,0.011,43.325
3110,0.025,0.014,43.338
3111,0.025,0.013,43.351
3112,0.024,0.011,43.362
3113,0.025,0.012,43.374
3114,0.025,0.015,43.389
3115,0.024,0.013,43.402
3116,0.025,0.010,43.413
3117,0.025,0.011,43.424
3118,0.025,0.015,43.439
3119,0.025,0.012,43.451
3120,0.025,0.011,43.462
3121,0.025,0.012,43.474
3122,0.026,0.013,43.487
3123,0.024,0.012,43.499
3124,0.024,0.012,43.511
3125,0.024,0.012,43.523
3126,0.025,0.014,43.537
3127,0.025,0.013,43.550
3128,0.024,0.011,43.561
3129,0.024,0.011,43.572
3130,0.025,0.014,43.586
3131,0.025,0.014,43.600
3132,0.026,0.010,43.610
3133,0.026,0.011,43.621
3134,0.026,0.014,43.635
3135,0.025,0.011,43.646
3136,0.025,0.011,43.657
3137,0.025,0.011,43.668
3138,0.025,0.011,43.678
3139,0.024,0.014,43.692
3140,0.024,0.012,43.704
3141,0.024,0.011,43.715
3142,0.025,0.012,43.727
3143,0.025,0.014,43.741
3144,0.025,0.012,43.753
3145,0.026,0.010,43.763
3146,0.026,0.010,43.773
3147,0.025,0.013,43.787
3148,0.024,0.013,43.799
3149,0.024,0.011,43.810
3150,0.024,0.012,43.822
3151,0.025,0.015,43.837
3152,0.024,0.012,43.849
3153,0.023,0.011,43.860
3154,0.024,0.011,43.870
3155,0.023,0.013,43.884
3156,0.023,0.014,43.898
3157,0.023,0.010,43.909
3158,0.024,0.011,43.920
3159,0.023,0.015,43.935
3160,0.023,0.013,43.947
3161,0.024,0.011,43.958
3162,0.024,0.010,43.968
3163,0.024,0.013,43.982
3164,0.024,0.013,43.995
3165,0.024,0.011,44.006
3166,0.023,0.011,44.016
3167,0.023,0.015,44.031
3168,0.024,0.013,44.044
3169,0.024,0.012,44.056
3170,0.024,0.011,44.067
3171,0.024,0.013,44.081
3172,0.023,0.013,44.094
3173,0.023,0.011,44.105
3174,0.023,0.011,44.116
3175,0.023,0.013,44.129
3176,0.024,0.017,44.146
3177,0.024,0.010,44.156
3178,0.024,0.011,44.167
3179,0.023,0.014,44.181
3180,0.023,0.011,44.192
3181,0.023,0.011,44.204
3182,0.024,0.013,44.217
3183,0.024,0.017,44.234
3184,0.023,0.012,44.246
3185,0.023,0.010,44.256
3186,0.023,0.011,44.267
3187,0.022,0.014,44.281
3188,0.022,0.012,44.293
3189,0.023,0.011,44.304
3190,0.023,0.012,44.315
3191,0.023,0.011,44.326
3192,0.022,0.013,44.339
3193,0.023,0.011,44.350
3194,0.023,0.014,44.364
3195,0.023,0.013,44.377
3196,0.023,0.014,44.391
3197,0.022,0.012,44.402
3198,0.023,0.011,44.413
3199,0.022,0.011,44.424
3200,0.024,0.014,44.438
3201,0.022,0.012,44.450
3202,0.021,0.012,44.462
3203,0.022,0.011,44.473
3204,0.022,0.013,44.486
3205,0.022,0.012,44.498
3206,0.022,0.011,44.509
3207,0.022,0.010,44.520
3208,0.022,0.016,44.536
3209,0.021,0.014,44.550
3210,0.021,0.012,44.561
3211,0.021,0.011,44.573
3212,0.021,0.016,44.589
3213,0.021,0.013,44.601
3214,0.022,0.012,44.613
3215,0.022,0.011,44.624
3216,0.023,0.018,44.642
3217,0.022,0.011,44.653
3218,0.023,0.011,44.664
3219,0.022,0.011,44.675
3220,0.024,0.016,44.691
3221,0.024,0.011,44.702
3222,0.024,0.011,44.713
3223,0.023,0.014,44.727
3224,0.023,0.016,44.743
3225,0.022,0.011,44.754
3226,0.022,0.011,44.765
3227,0.023,0.010,44.775
3228,0.023,0.018,44.793
3229,0.022,0.011,44.804
3230,0.024,0.012,44.816
3231,0.022,0.013,44.829
3232,0.022,0.017,44.845
3233,0.022,0.011,44.856
3234,0.022,0.011,44.867
3235,0.022,0.011,44.878
3236,0.022,0.017,44.894
3237,0.023,0.011,44.905
3238,0.023,0.011,44.917
3239,0.023,0.011,44.928
3240,0.023,0.016,44.944
3241,0.023,0.011,44.955
3242,0.023,0.012,44.966
3243,0.024,0.011,44.977
3244,0.022,0.016,44.993
3245,0.024,0.011,45.004
3246,0.024,0.012,45.016
3247,0.023,0.011,45.027
3248,0.024,0.015,45.042
3249,0.024,0.012,45.054
3250,0.024,0.011,45.065
3251,0.024,0.012,45.076
3252,0.023,0.014,45.090
3253,0.024,0.010,45.100
3254,0.024,0.012,45.112
3255,0.024,0.011,45.124
3256,0.024,0.016,45.139
3257,0.024,0.011,45.150
3258,0.023,0.011,45.161
3259,0.024,0.012,45.173
3260,0.024,0.016,45.189
3261,0.024,0.013,45.202
3262,0.024,0.010,45.212
3263,0.024,0.010,45.222
3264,0.024,0.014,45.237
3265,0.024,0.011,45.247
3266,0.025,0.012,45.259
3267,0.025,0.012,45.272
3268,0.024,0.013,45.285
3269,0.023,0.014,45.299
3270,0.023,0.011,45.310
3271,0.023,0.011,45.321
3272,0.023,0.017,45.338
3273,0.023,0.011,45.349
3274,0.023,0.013,45.362
3275,0.024,0.011,45.373
3276,0.023,0.013,45.386
3277,0.023,0.013,45.399
3278,0.023,0.012,45.411
3279,0.022,0.013,45.424
3280,0.023,0.016,45.439
3281,0.023,0.011,45.450
3282,0.023,0.012,45.462
3283,0.023,0.010,45.472
3284,0.023,0.013,45.485
3285,0.022,0.012,45.497
3286,0.022,0.013,45.510
3287,0.023,0.012,45.522
3288,0.023,0.014,45.536
3289,0.023,0.013,45.549
3290,0.023,0.011,45.560
3291,0.023,0.011,45.571
3292,0.023,0.013,45.584
3293,0.023,0.013,45.596
3294,0.023,0.012,45.608
3295,0.024,0.012,45.620
3296,0.023,0.013,45.634
3297,0.023,0.011,45.645
3298,0.022,0.013,45.658
3299,0.023,0.010,45.669
3300,0.023,0.013,45.681
3301,0.023,0.013,45.694
3302,0.023,0.012,45.706
3303,0.022,0.011,45.717
3304,0.023,0.011,45.728
3305,0.023,0.014,45.742
3306,0.023,0.011,45.753
3307,0.023,0.011,45.763
3308,0.023,0.010,45.773
3309,0.023,0.017,45.790
3310,0.024,0.012,45.802
3311,0.024,0.011,45.813
3312,0.024,0.012,45.825
3313,0.023,0.013,45.837
3314,0.023,0.011,45.848
3315,0.024,0.012,45.861
3316,0.023,0.010,45.871
3317,0.023,0.013,45.884
3318,0.023,0.011,45.895
3319,0.023,0.012,45.906
3320,0.022,0.012,45.919
3321,0.023,0.016,45.934
3322,0.023,0.011,45.945
3323,0.023,0.012,45.957
3324,0.023,0.011,45.968
3325,0.023,0.012,45.980
3326,0.023,0.012,45.992
3327,0.022,0.011,46.003
3328,0.023,0.010,46.014
3329,0.023,0.012,46.025
3330,0.023,0.013,46.039
3331,0.023,0.014,46.053
3332,0.023,0.013,46.066
3333,0.023,0.011,46.077
3334,0.022,0.014,46.091
3335,0.023,0.011,46.103
3336,0.022,0.010,46.113
3337,0.022,0.011,46.124
3338,0.022,0.014,46.138
3339,0.022,0.014,46.152
3340,0.023,0.010,46.162
3341,0.022,0.012,46.174
3342,0.022,0.014,46.188
3343,0.021,0.013,46.201
3344,0.022,0.011,46.212
